0 2592
1 2593
2 2594
3 2595
4 2596
5 2597
6 2598
7 2599
8 2600
9 2601
10 2602
11 2603
12 2604
13 2605
14 2606
15 2607
16 2608
17 2609
18 2610
19 2611
20 2612
21 2613
22 2614
23 2615
24 2616
25 2617
26 2618
27 2619
28 2620
29 2621
30 2622
31 2623
32 2624
33 2625
34 2626
35 2627
36 2628
37 2629
38 2630
39 2631
40 2632
41 2633
42 2634
43 2635
44 2636
45 2637
46 2638
47 2639
48 2640
49 2641
50 2642
51 2643
52 2644
53 2645
54 2646
55 2647
56 2648
57 2649
58 2650
59 2651
60 2652
61 2653
62 2654
63 2655
64 2656
65 2657
66 2658
67 2659
68 2660
69 2661
70 2662
71 2663
72 2664
73 2665
74 2666
75 2667
76 2668
77 2669
78 2670
79 2671
80 2672
81 2673
82 2674
83 2675
84 2676
85 2677
86 2678
87 2679
88 2680
89 2681
90 2682
91 2683
92 2684
93 2685
94 2686
95 2687
96 2688
97 2689
98 2690
99 2691
100 2692
101 2693
102 2694
103 2695
104 2696
105 2697
106 2698
107 2699
108 2700
109 2701
110 2702
111 2703
112 2704
113 2705
114 2706
115 2707
116 2708
117 2709
118 2710
119 2711
120 2712
121 2713
122 2714
123 2715
124 2716
125 2717
126 2718
127 2719
128 2720
129 2721
130 2722
131 2723
132 2724
133 2725
134 2726
135 2727
136 2728
137 2729
138 2730
139 2731
140 2732
141 2733
142 2734
143 2735
144 2736
145 2737
146 2738
147 2739
148 2740
149 2741
150 2742
151 2743
152 2744
153 2745
154 2746
155 2747
156 2748
157 2749
158 2750
159 2751
160 2752
161 2753
162 2754
163 2755
164 2756
165 2757
166 2758
167 2759
168 2760
169 2761
170 2762
171 2763
172 2764
173 2765
174 2766
175 2767
176 2768
177 2769
178 2770
179 2771
180 2772
181 2773
182 2774
183 2775
184 2776
185 2777
186 2778
187 2779
188 2780
189 2781
190 2782
191 2783
192 2784
193 2785
194 2786
195 2787
196 2788
197 2789
198 2790
199 2791
200 2792
201 2793
202 2794
203 2795
204 2796
205 2797
206 2798
207 2799
208 2800
209 2801
210 2802
211 2803
212 2804
213 2805
214 2806
215 2807
216 2808
217 2809
218 2810
219 2811
220 2812
221 2813
222 2814
223 2815
224 2816
225 2817
226 2818
227 2819
228 2820
229 2821
230 2822
231 2823
232 2824
233 2825
234 2826
235 2827
236 2828
237 2829
238 2830
239 2831
240 2832
241 2833
242 2834
243 2835
244 2836
245 2837
246 2838
247 2839
248 2840
249 2841
250 2842
251 2843
252 2844
253 2845
254 2846
255 2847
256 2848
257 2849
258 2850
259 2851
260 2852
261 2853
262 2854
263 2855
264 2856
265 2857
266 2858
267 2859
268 2860
269 2861
270 2862
271 2863
272 2864
273 2865
274 2866
275 2867
276 2868
277 2869
278 2870
279 2871
280 2872
281 2873
282 2874
283 2875
284 2876
285 2877
286 2878
287 2879
