0 2016
1 2017
2 2018
3 2019
4 2020
5 2021
6 2022
7 2023
8 2024
9 2025
10 2026
11 2027
12 2028
13 2029
14 2030
15 2031
16 2032
17 2033
18 2034
19 2035
20 2036
21 2037
22 2038
23 2039
24 2040
25 2041
26 2042
27 2043
28 2044
29 2045
30 2046
31 2047
32 2048
33 2049
34 2050
35 2051
36 2052
37 2053
38 2054
39 2055
40 2056
41 2057
42 2058
43 2059
44 2060
45 2061
46 2062
47 2063
48 2064
49 2065
50 2066
51 2067
52 2068
53 2069
54 2070
55 2071
56 2072
57 2073
58 2074
59 2075
60 2076
61 2077
62 2078
63 2079
64 2080
65 2081
66 2082
67 2083
68 2084
69 2085
70 2086
71 2087
72 2088
73 2089
74 2090
75 2091
76 2092
77 2093
78 2094
79 2095
80 2096
81 2097
82 2098
83 2099
84 2100
85 2101
86 2102
87 2103
88 2104
89 2105
90 2106
91 2107
92 2108
93 2109
94 2110
95 2111
96 2112
97 2113
98 2114
99 2115
100 2116
101 2117
102 2118
103 2119
104 2120
105 2121
106 2122
107 2123
108 2124
109 2125
110 2126
111 2127
112 2128
113 2129
114 2130
115 2131
116 2132
117 2133
118 2134
119 2135
120 2136
121 2137
122 2138
123 2139
124 2140
125 2141
126 2142
127 2143
128 2144
129 2145
130 2146
131 2147
132 2148
133 2149
134 2150
135 2151
136 2152
137 2153
138 2154
139 2155
140 2156
141 2157
142 2158
143 2159
144 2160
145 2161
146 2162
147 2163
148 2164
149 2165
150 2166
151 2167
152 2168
153 2169
154 2170
155 2171
156 2172
157 2173
158 2174
159 2175
160 2176
161 2177
162 2178
163 2179
164 2180
165 2181
166 2182
167 2183
168 2184
169 2185
170 2186
171 2187
172 2188
173 2189
174 2190
175 2191
176 2192
177 2193
178 2194
179 2195
180 2196
181 2197
182 2198
183 2199
184 2200
185 2201
186 2202
187 2203
188 2204
189 2205
190 2206
191 2207
192 2208
193 2209
194 2210
195 2211
196 2212
197 2213
198 2214
199 2215
200 2216
201 2217
202 2218
203 2219
204 2220
205 2221
206 2222
207 2223
208 2224
209 2225
210 2226
211 2227
212 2228
213 2229
214 2230
215 2231
216 2232
217 2233
218 2234
219 2235
220 2236
221 2237
222 2238
223 2239
224 2240
225 2241
226 2242
227 2243
228 2244
229 2245
230 2246
231 2247
232 2248
233 2249
234 2250
235 2251
236 2252
237 2253
238 2254
239 2255
240 2256
241 2257
242 2258
243 2259
244 2260
245 2261
246 2262
247 2263
248 2264
249 2265
250 2266
251 2267
252 2268
253 2269
254 2270
255 2271
256 2272
257 2273
258 2274
259 2275
260 2276
261 2277
262 2278
263 2279
264 2280
265 2281
266 2282
267 2283
268 2284
269 2285
270 2286
271 2287
272 2288
273 2289
274 2290
275 2291
276 2292
277 2293
278 2294
279 2295
280 2296
281 2297
282 2298
283 2299
284 2300
285 2301
286 2302
287 2303
