0 2304
1 2305
2 2306
3 2307
4 2308
5 2309
6 2310
7 2311
8 2312
9 2313
10 2314
11 2315
12 2316
13 2317
14 2318
15 2319
16 2320
17 2321
18 2322
19 2323
20 2324
21 2325
22 2326
23 2327
24 2328
25 2329
26 2330
27 2331
28 2332
29 2333
30 2334
31 2335
32 2336
33 2337
34 2338
35 2339
36 2340
37 2341
38 2342
39 2343
40 2344
41 2345
42 2346
43 2347
44 2348
45 2349
46 2350
47 2351
48 2352
49 2353
50 2354
51 2355
52 2356
53 2357
54 2358
55 2359
56 2360
57 2361
58 2362
59 2363
60 2364
61 2365
62 2366
63 2367
64 2368
65 2369
66 2370
67 2371
68 2372
69 2373
70 2374
71 2375
72 2376
73 2377
74 2378
75 2379
76 2380
77 2381
78 2382
79 2383
80 2384
81 2385
82 2386
83 2387
84 2388
85 2389
86 2390
87 2391
88 2392
89 2393
90 2394
91 2395
92 2396
93 2397
94 2398
95 2399
96 2400
97 2401
98 2402
99 2403
100 2404
101 2405
102 2406
103 2407
104 2408
105 2409
106 2410
107 2411
108 2412
109 2413
110 2414
111 2415
112 2416
113 2417
114 2418
115 2419
116 2420
117 2421
118 2422
119 2423
120 2424
121 2425
122 2426
123 2427
124 2428
125 2429
126 2430
127 2431
128 2432
129 2433
130 2434
131 2435
132 2436
133 2437
134 2438
135 2439
136 2440
137 2441
138 2442
139 2443
140 2444
141 2445
142 2446
143 2447
144 2448
145 2449
146 2450
147 2451
148 2452
149 2453
150 2454
151 2455
152 2456
153 2457
154 2458
155 2459
156 2460
157 2461
158 2462
159 2463
160 2464
161 2465
162 2466
163 2467
164 2468
165 2469
166 2470
167 2471
168 2472
169 2473
170 2474
171 2475
172 2476
173 2477
174 2478
175 2479
176 2480
177 2481
178 2482
179 2483
180 2484
181 2485
182 2486
183 2487
184 2488
185 2489
186 2490
187 2491
188 2492
189 2493
190 2494
191 2495
192 2496
193 2497
194 2498
195 2499
196 2500
197 2501
198 2502
199 2503
200 2504
201 2505
202 2506
203 2507
204 2508
205 2509
206 2510
207 2511
208 2512
209 2513
210 2514
211 2515
212 2516
213 2517
214 2518
215 2519
216 2520
217 2521
218 2522
219 2523
220 2524
221 2525
222 2526
223 2527
224 2528
225 2529
226 2530
227 2531
228 2532
229 2533
230 2534
231 2535
232 2536
233 2537
234 2538
235 2539
236 2540
237 2541
238 2542
239 2543
240 2544
241 2545
242 2546
243 2547
244 2548
245 2549
246 2550
247 2551
248 2552
249 2553
250 2554
251 2555
252 2556
253 2557
254 2558
255 2559
256 2560
257 2561
258 2562
259 2563
260 2564
261 2565
262 2566
263 2567
264 2568
265 2569
266 2570
267 2571
268 2572
269 2573
270 2574
271 2575
272 2576
273 2577
274 2578
275 2579
276 2580
277 2581
278 2582
279 2583
280 2584
281 2585
282 2586
283 2587
284 2588
285 2589
286 2590
287 2591
