0 3744
1 3745
2 3746
3 3747
4 3748
5 3749
6 3750
7 3751
8 3752
9 3753
10 3754
11 3755
12 3756
13 3757
14 3758
15 3759
16 3760
17 3761
18 3762
19 3763
20 3764
21 3765
22 3766
23 3767
24 3768
25 3769
26 3770
27 3771
28 3772
29 3773
30 3774
31 3775
32 3776
33 3777
34 3778
35 3779
36 3780
37 3781
38 3782
39 3783
40 3784
41 3785
42 3786
43 3787
44 3788
45 3789
46 3790
47 3791
48 3792
49 3793
50 3794
51 3795
52 3796
53 3797
54 3798
55 3799
56 3800
57 3801
58 3802
59 3803
60 3804
61 3805
62 3806
63 3807
64 3808
65 3809
66 3810
67 3811
68 3812
69 3813
70 3814
71 3815
72 3816
73 3817
74 3818
75 3819
76 3820
77 3821
78 3822
79 3823
80 3824
81 3825
82 3826
83 3827
84 3828
85 3829
86 3830
87 3831
88 3832
89 3833
90 3834
91 3835
92 3836
93 3837
94 3838
95 3839
96 3840
97 3841
98 3842
99 3843
100 3844
101 3845
102 3846
103 3847
104 3848
105 3849
106 3850
107 3851
108 3852
109 3853
110 3854
111 3855
112 3856
113 3857
114 3858
115 3859
116 3860
117 3861
118 3862
119 3863
120 3864
121 3865
122 3866
123 3867
124 3868
125 3869
126 3870
127 3871
128 3872
129 3873
130 3874
131 3875
132 3876
133 3877
134 3878
135 3879
136 3880
137 3881
138 3882
139 3883
140 3884
141 3885
142 3886
143 3887
144 3888
145 3889
146 3890
147 3891
148 3892
149 3893
150 3894
151 3895
152 3896
153 3897
154 3898
155 3899
156 3900
157 3901
158 3902
159 3903
160 3904
161 3905
162 3906
163 3907
164 3908
165 3909
166 3910
167 3911
168 3912
169 3913
170 3914
171 3915
172 3916
173 3917
174 3918
175 3919
176 3920
177 3921
178 3922
179 3923
180 3924
181 3925
182 3926
183 3927
184 3928
185 3929
186 3930
187 3931
188 3932
189 3933
190 3934
191 3935
192 3936
193 3937
194 3938
195 3939
196 3940
197 3941
198 3942
199 3943
200 3944
201 3945
202 3946
203 3947
204 3948
205 3949
206 3950
207 3951
208 3952
209 3953
210 3954
211 3955
212 3956
213 3957
214 3958
215 3959
216 3960
217 3961
218 3962
219 3963
220 3964
221 3965
222 3966
223 3967
224 3968
225 3969
226 3970
227 3971
228 3972
229 3973
230 3974
231 3975
232 3976
233 3977
234 3978
235 3979
236 3980
237 3981
238 3982
239 3983
240 3984
241 3985
242 3986
243 3987
244 3988
245 3989
246 3990
247 3991
248 3992
249 3993
250 3994
251 3995
252 3996
253 3997
254 3998
255 3999
256 4000
257 4001
258 4002
259 4003
260 4004
261 4005
262 4006
263 4007
264 4008
265 4009
266 4010
267 4011
268 4012
269 4013
270 4014
271 4015
272 4016
273 4017
274 4018
275 4019
276 4020
277 4021
278 4022
279 4023
280 4024
281 4025
282 4026
283 4027
284 4028
285 4029
286 4030
287 4031
