0 4896
1 4897
2 4898
3 4899
4 4900
5 4901
6 4902
7 4903
8 4904
9 4905
10 4906
11 4907
12 4908
13 4909
14 4910
15 4911
16 4912
17 4913
18 4914
19 4915
20 4916
21 4917
22 4918
23 4919
24 4920
25 4921
26 4922
27 4923
28 4924
29 4925
30 4926
31 4927
32 4928
33 4929
34 4930
35 4931
36 4932
37 4933
38 4934
39 4935
40 4936
41 4937
42 4938
43 4939
44 4940
45 4941
46 4942
47 4943
48 4944
49 4945
50 4946
51 4947
52 4948
53 4949
54 4950
55 4951
56 4952
57 4953
58 4954
59 4955
60 4956
61 4957
62 4958
63 4959
64 4960
65 4961
66 4962
67 4963
68 4964
69 4965
70 4966
71 4967
72 4968
73 4969
74 4970
75 4971
76 4972
77 4973
78 4974
79 4975
80 4976
81 4977
82 4978
83 4979
84 4980
85 4981
86 4982
87 4983
88 4984
89 4985
90 4986
91 4987
92 4988
93 4989
94 4990
95 4991
96 4992
97 4993
98 4994
99 4995
100 4996
101 4997
102 4998
103 4999
104 5000
105 5001
106 5002
107 5003
108 5004
109 5005
110 5006
111 5007
112 5008
113 5009
114 5010
115 5011
116 5012
117 5013
118 5014
119 5015
120 5016
121 5017
122 5018
123 5019
124 5020
125 5021
126 5022
127 5023
128 5024
129 5025
130 5026
131 5027
132 5028
133 5029
134 5030
135 5031
136 5032
137 5033
138 5034
139 5035
140 5036
141 5037
142 5038
143 5039
144 5040
145 5041
146 5042
147 5043
148 5044
149 5045
150 5046
151 5047
152 5048
153 5049
154 5050
155 5051
156 5052
157 5053
158 5054
159 5055
160 5056
161 5057
162 5058
163 5059
164 5060
165 5061
166 5062
167 5063
168 5064
169 5065
170 5066
171 5067
172 5068
173 5069
174 5070
175 5071
176 5072
177 5073
178 5074
179 5075
180 5076
181 5077
182 5078
183 5079
184 5080
185 5081
186 5082
187 5083
188 5084
189 5085
190 5086
191 5087
192 5088
193 5089
194 5090
195 5091
196 5092
197 5093
198 5094
199 5095
200 5096
201 5097
202 5098
203 5099
204 5100
205 5101
206 5102
207 5103
208 5104
209 5105
210 5106
211 5107
212 5108
213 5109
214 5110
215 5111
216 5112
217 5113
218 5114
219 5115
220 5116
221 5117
222 5118
223 5119
224 5120
225 5121
226 5122
227 5123
228 5124
229 5125
230 5126
231 5127
232 5128
233 5129
234 5130
235 5131
236 5132
237 5133
238 5134
239 5135
240 5136
241 5137
242 5138
243 5139
244 5140
245 5141
246 5142
247 5143
248 5144
249 5145
250 5146
251 5147
252 5148
253 5149
254 5150
255 5151
256 5152
257 5153
258 5154
259 5155
260 5156
261 5157
262 5158
263 5159
264 5160
265 5161
266 5162
267 5163
268 5164
269 5165
270 5166
271 5167
272 5168
273 5169
274 5170
275 5171
276 5172
277 5173
278 5174
279 5175
280 5176
281 5177
282 5178
283 5179
284 5180
285 5181
286 5182
287 5183
