0 6048
1 6049
2 6050
3 6051
4 6052
5 6053
6 6054
7 6055
8 6056
9 6057
10 6058
11 6059
12 6060
13 6061
14 6062
15 6063
16 6064
17 6065
18 6066
19 6067
20 6068
21 6069
22 6070
23 6071
24 6072
25 6073
26 6074
27 6075
28 6076
29 6077
30 6078
31 6079
32 6080
33 6081
34 6082
35 6083
36 6084
37 6085
38 6086
39 6087
40 6088
41 6089
42 6090
43 6091
44 6092
45 6093
46 6094
47 6095
48 6096
49 6097
50 6098
51 6099
52 6100
53 6101
54 6102
55 6103
56 6104
57 6105
58 6106
59 6107
60 6108
61 6109
62 6110
63 6111
64 6112
65 6113
66 6114
67 6115
68 6116
69 6117
70 6118
71 6119
72 6120
73 6121
74 6122
75 6123
76 6124
77 6125
78 6126
79 6127
80 6128
81 6129
82 6130
83 6131
84 6132
85 6133
86 6134
87 6135
88 6136
89 6137
90 6138
91 6139
92 6140
93 6141
94 6142
95 6143
96 6144
97 6145
98 6146
99 6147
100 6148
101 6149
102 6150
103 6151
104 6152
105 6153
106 6154
107 6155
108 6156
109 6157
110 6158
111 6159
112 6160
113 6161
114 6162
115 6163
116 6164
117 6165
118 6166
119 6167
120 6168
121 6169
122 6170
123 6171
124 6172
125 6173
126 6174
127 6175
128 6176
129 6177
130 6178
131 6179
132 6180
133 6181
134 6182
135 6183
136 6184
137 6185
138 6186
139 6187
140 6188
141 6189
142 6190
143 6191
144 6192
145 6193
146 6194
147 6195
148 6196
149 6197
150 6198
151 6199
152 6200
153 6201
154 6202
155 6203
156 6204
157 6205
158 6206
159 6207
160 6208
161 6209
162 6210
163 6211
164 6212
165 6213
166 6214
167 6215
168 6216
169 6217
170 6218
171 6219
172 6220
173 6221
174 6222
175 6223
176 6224
177 6225
178 6226
179 6227
180 6228
181 6229
182 6230
183 6231
184 6232
185 6233
186 6234
187 6235
188 6236
189 6237
190 6238
191 6239
192 6240
193 6241
194 6242
195 6243
196 6244
197 6245
198 6246
199 6247
200 6248
201 6249
202 6250
203 6251
204 6252
205 6253
206 6254
207 6255
208 6256
209 6257
210 6258
211 6259
212 6260
213 6261
214 6262
215 6263
216 6264
217 6265
218 6266
219 6267
220 6268
221 6269
222 6270
223 6271
224 6272
225 6273
226 6274
227 6275
228 6276
229 6277
230 6278
231 6279
232 6280
233 6281
234 6282
235 6283
236 6284
237 6285
238 6286
239 6287
240 6288
241 6289
242 6290
243 6291
244 6292
245 6293
246 6294
247 6295
248 6296
249 6297
250 6298
251 6299
252 6300
253 6301
254 6302
255 6303
256 6304
257 6305
258 6306
259 6307
260 6308
261 6309
262 6310
263 6311
264 6312
265 6313
266 6314
267 6315
268 6316
269 6317
270 6318
271 6319
272 6320
273 6321
274 6322
275 6323
276 6324
277 6325
278 6326
279 6327
280 6328
281 6329
282 6330
283 6331
284 6332
285 6333
286 6334
287 6335
