0 8640
1 8641
2 8642
3 8643
4 8644
5 8645
6 8646
7 8647
8 8648
9 8649
10 8650
11 8651
12 8652
13 8653
14 8654
15 8655
16 8656
17 8657
18 8658
19 8659
20 8660
21 8661
22 8662
23 8663
24 8664
25 8665
26 8666
27 8667
28 8668
29 8669
30 8670
31 8671
32 8672
33 8673
34 8674
35 8675
36 8676
37 8677
38 8678
39 8679
40 8680
41 8681
42 8682
43 8683
44 8684
45 8685
46 8686
47 8687
48 8688
49 8689
50 8690
51 8691
52 8692
53 8693
54 8694
55 8695
56 8696
57 8697
58 8698
59 8699
60 8700
61 8701
62 8702
63 8703
64 8704
65 8705
66 8706
67 8707
68 8708
69 8709
70 8710
71 8711
72 8712
73 8713
74 8714
75 8715
76 8716
77 8717
78 8718
79 8719
80 8720
81 8721
82 8722
83 8723
84 8724
85 8725
86 8726
87 8727
88 8728
89 8729
90 8730
91 8731
92 8732
93 8733
94 8734
95 8735
96 8736
97 8737
98 8738
99 8739
100 8740
101 8741
102 8742
103 8743
104 8744
105 8745
106 8746
107 8747
108 8748
109 8749
110 8750
111 8751
112 8752
113 8753
114 8754
115 8755
116 8756
117 8757
118 8758
119 8759
120 8760
121 8761
122 8762
123 8763
124 8764
125 8765
126 8766
127 8767
128 8768
129 8769
130 8770
131 8771
132 8772
133 8773
134 8774
135 8775
136 8776
137 8777
138 8778
139 8779
140 8780
141 8781
142 8782
143 8783
144 8784
145 8785
146 8786
147 8787
148 8788
149 8789
150 8790
151 8791
152 8792
153 8793
154 8794
155 8795
156 8796
157 8797
158 8798
159 8799
160 8800
161 8801
162 8802
163 8803
164 8804
165 8805
166 8806
167 8807
168 8808
169 8809
170 8810
171 8811
172 8812
173 8813
174 8814
175 8815
176 8816
177 8817
178 8818
179 8819
180 8820
181 8821
182 8822
183 8823
184 8824
185 8825
186 8826
187 8827
188 8828
189 8829
190 8830
191 8831
192 8832
193 8833
194 8834
195 8835
196 8836
197 8837
198 8838
199 8839
200 8840
201 8841
202 8842
203 8843
204 8844
205 8845
206 8846
207 8847
208 8848
209 8849
210 8850
211 8851
212 8852
213 8853
214 8854
215 8855
216 8856
217 8857
218 8858
219 8859
220 8860
221 8861
222 8862
223 8863
224 8864
225 8865
226 8866
227 8867
228 8868
229 8869
230 8870
231 8871
232 8872
233 8873
234 8874
235 8875
236 8876
237 8877
238 8878
239 8879
240 8880
241 8881
242 8882
243 8883
244 8884
245 8885
246 8886
247 8887
248 8888
249 8889
250 8890
251 8891
252 8892
253 8893
254 8894
255 8895
256 8896
257 8897
258 8898
259 8899
260 8900
261 8901
262 8902
263 8903
264 8904
265 8905
266 8906
267 8907
268 8908
269 8909
270 8910
271 8911
272 8912
273 8913
274 8914
275 8915
276 8916
277 8917
278 8918
279 8919
280 8920
281 8921
282 8922
283 8923
284 8924
285 8925
286 8926
287 8927
