0 10080
1 10081
2 10082
3 10083
4 10084
5 10085
6 10086
7 10087
8 10088
9 10089
10 10090
11 10091
12 10092
13 10093
14 10094
15 10095
16 10096
17 10097
18 10098
19 10099
20 10100
21 10101
22 10102
23 10103
24 10104
25 10105
26 10106
27 10107
28 10108
29 10109
30 10110
31 10111
32 10112
33 10113
34 10114
35 10115
36 10116
37 10117
38 10118
39 10119
40 10120
41 10121
42 10122
43 10123
44 10124
45 10125
46 10126
47 10127
48 10128
49 10129
50 10130
51 10131
52 10132
53 10133
54 10134
55 10135
56 10136
57 10137
58 10138
59 10139
60 10140
61 10141
62 10142
63 10143
64 10144
65 10145
66 10146
67 10147
68 10148
69 10149
70 10150
71 10151
72 10152
73 10153
74 10154
75 10155
76 10156
77 10157
78 10158
79 10159
80 10160
81 10161
82 10162
83 10163
84 10164
85 10165
86 10166
87 10167
88 10168
89 10169
90 10170
91 10171
92 10172
93 10173
94 10174
95 10175
96 10176
97 10177
98 10178
99 10179
100 10180
101 10181
102 10182
103 10183
104 10184
105 10185
106 10186
107 10187
108 10188
109 10189
110 10190
111 10191
112 10192
113 10193
114 10194
115 10195
116 10196
117 10197
118 10198
119 10199
120 10200
121 10201
122 10202
123 10203
124 10204
125 10205
126 10206
127 10207
128 10208
129 10209
130 10210
131 10211
132 10212
133 10213
134 10214
135 10215
136 10216
137 10217
138 10218
139 10219
140 10220
141 10221
142 10222
143 10223
144 10224
145 10225
146 10226
147 10227
148 10228
149 10229
150 10230
151 10231
152 10232
153 10233
154 10234
155 10235
156 10236
157 10237
158 10238
159 10239
160 10240
161 10241
162 10242
163 10243
164 10244
165 10245
166 10246
167 10247
168 10248
169 10249
170 10250
171 10251
172 10252
173 10253
174 10254
175 10255
176 10256
177 10257
178 10258
179 10259
180 10260
181 10261
182 10262
183 10263
184 10264
185 10265
186 10266
187 10267
188 10268
189 10269
190 10270
191 10271
192 10272
193 10273
194 10274
195 10275
196 10276
197 10277
198 10278
199 10279
200 10280
201 10281
202 10282
203 10283
204 10284
205 10285
206 10286
207 10287
208 10288
209 10289
210 10290
211 10291
212 10292
213 10293
214 10294
215 10295
216 10296
217 10297
218 10298
219 10299
220 10300
221 10301
222 10302
223 10303
224 10304
225 10305
226 10306
227 10307
228 10308
229 10309
230 10310
231 10311
232 10312
233 10313
234 10314
235 10315
236 10316
237 10317
238 10318
239 10319
240 10320
241 10321
242 10322
243 10323
244 10324
245 10325
246 10326
247 10327
248 10328
249 10329
250 10330
251 10331
252 10332
253 10333
254 10334
255 10335
256 10336
257 10337
258 10338
259 10339
260 10340
261 10341
262 10342
263 10343
264 10344
265 10345
266 10346
267 10347
268 10348
269 10349
270 10350
271 10351
272 10352
273 10353
274 10354
275 10355
276 10356
277 10357
278 10358
279 10359
280 10360
281 10361
282 10362
283 10363
284 10364
285 10365
286 10366
287 10367
