0 11232
1 11233
2 11234
3 11235
4 11236
5 11237
6 11238
7 11239
8 11240
9 11241
10 11242
11 11243
12 11244
13 11245
14 11246
15 11247
16 11248
17 11249
18 11250
19 11251
20 11252
21 11253
22 11254
23 11255
24 11256
25 11257
26 11258
27 11259
28 11260
29 11261
30 11262
31 11263
32 11264
33 11265
34 11266
35 11267
36 11268
37 11269
38 11270
39 11271
40 11272
41 11273
42 11274
43 11275
44 11276
45 11277
46 11278
47 11279
48 11280
49 11281
50 11282
51 11283
52 11284
53 11285
54 11286
55 11287
56 11288
57 11289
58 11290
59 11291
60 11292
61 11293
62 11294
63 11295
64 11296
65 11297
66 11298
67 11299
68 11300
69 11301
70 11302
71 11303
72 11304
73 11305
74 11306
75 11307
76 11308
77 11309
78 11310
79 11311
80 11312
81 11313
82 11314
83 11315
84 11316
85 11317
86 11318
87 11319
88 11320
89 11321
90 11322
91 11323
92 11324
93 11325
94 11326
95 11327
96 11328
97 11329
98 11330
99 11331
100 11332
101 11333
102 11334
103 11335
104 11336
105 11337
106 11338
107 11339
108 11340
109 11341
110 11342
111 11343
112 11344
113 11345
114 11346
115 11347
116 11348
117 11349
118 11350
119 11351
120 11352
121 11353
122 11354
123 11355
124 11356
125 11357
126 11358
127 11359
128 11360
129 11361
130 11362
131 11363
132 11364
133 11365
134 11366
135 11367
136 11368
137 11369
138 11370
139 11371
140 11372
141 11373
142 11374
143 11375
144 11376
145 11377
146 11378
147 11379
148 11380
149 11381
150 11382
151 11383
152 11384
153 11385
154 11386
155 11387
156 11388
157 11389
158 11390
159 11391
160 11392
161 11393
162 11394
163 11395
164 11396
165 11397
166 11398
167 11399
168 11400
169 11401
170 11402
171 11403
172 11404
173 11405
174 11406
175 11407
176 11408
177 11409
178 11410
179 11411
180 11412
181 11413
182 11414
183 11415
184 11416
185 11417
186 11418
187 11419
188 11420
189 11421
190 11422
191 11423
192 11424
193 11425
194 11426
195 11427
196 11428
197 11429
198 11430
199 11431
200 11432
201 11433
202 11434
203 11435
204 11436
205 11437
206 11438
207 11439
208 11440
209 11441
210 11442
211 11443
212 11444
213 11445
214 11446
215 11447
216 11448
217 11449
218 11450
219 11451
220 11452
221 11453
222 11454
223 11455
224 11456
225 11457
226 11458
227 11459
228 11460
229 11461
230 11462
231 11463
232 11464
233 11465
234 11466
235 11467
236 11468
237 11469
238 11470
239 11471
240 11472
241 11473
242 11474
243 11475
244 11476
245 11477
246 11478
247 11479
248 11480
249 11481
250 11482
251 11483
252 11484
253 11485
254 11486
255 11487
256 11488
257 11489
258 11490
259 11491
260 11492
261 11493
262 11494
263 11495
264 11496
265 11497
266 11498
267 11499
268 11500
269 11501
270 11502
271 11503
272 11504
273 11505
274 11506
275 11507
276 11508
277 11509
278 11510
279 11511
280 11512
281 11513
282 11514
283 11515
284 11516
285 11517
286 11518
287 11519
