0 14112
1 14113
2 14114
3 14115
4 14116
5 14117
6 14118
7 14119
8 14120
9 14121
10 14122
11 14123
12 14124
13 14125
14 14126
15 14127
16 14128
17 14129
18 14130
19 14131
20 14132
21 14133
22 14134
23 14135
24 14136
25 14137
26 14138
27 14139
28 14140
29 14141
30 14142
31 14143
32 14144
33 14145
34 14146
35 14147
36 14148
37 14149
38 14150
39 14151
40 14152
41 14153
42 14154
43 14155
44 14156
45 14157
46 14158
47 14159
48 14160
49 14161
50 14162
51 14163
52 14164
53 14165
54 14166
55 14167
56 14168
57 14169
58 14170
59 14171
60 14172
61 14173
62 14174
63 14175
64 14176
65 14177
66 14178
67 14179
68 14180
69 14181
70 14182
71 14183
72 14184
73 14185
74 14186
75 14187
76 14188
77 14189
78 14190
79 14191
80 14192
81 14193
82 14194
83 14195
84 14196
85 14197
86 14198
87 14199
88 14200
89 14201
90 14202
91 14203
92 14204
93 14205
94 14206
95 14207
96 14208
97 14209
98 14210
99 14211
100 14212
101 14213
102 14214
103 14215
104 14216
105 14217
106 14218
107 14219
108 14220
109 14221
110 14222
111 14223
112 14224
113 14225
114 14226
115 14227
116 14228
117 14229
118 14230
119 14231
120 14232
121 14233
122 14234
123 14235
124 14236
125 14237
126 14238
127 14239
128 14240
129 14241
130 14242
131 14243
132 14244
133 14245
134 14246
135 14247
136 14248
137 14249
138 14250
139 14251
140 14252
141 14253
142 14254
143 14255
144 14256
145 14257
146 14258
147 14259
148 14260
149 14261
150 14262
151 14263
152 14264
153 14265
154 14266
155 14267
156 14268
157 14269
158 14270
159 14271
160 14272
161 14273
162 14274
163 14275
164 14276
165 14277
166 14278
167 14279
168 14280
169 14281
170 14282
171 14283
172 14284
173 14285
174 14286
175 14287
176 14288
177 14289
178 14290
179 14291
180 14292
181 14293
182 14294
183 14295
184 14296
185 14297
186 14298
187 14299
188 14300
189 14301
190 14302
191 14303
192 14304
193 14305
194 14306
195 14307
196 14308
197 14309
198 14310
199 14311
200 14312
201 14313
202 14314
203 14315
204 14316
205 14317
206 14318
207 14319
208 14320
209 14321
210 14322
211 14323
212 14324
213 14325
214 14326
215 14327
216 14328
217 14329
218 14330
219 14331
220 14332
221 14333
222 14334
223 14335
224 14336
225 14337
226 14338
227 14339
228 14340
229 14341
230 14342
231 14343
232 14344
233 14345
234 14346
235 14347
236 14348
237 14349
238 14350
239 14351
240 14352
241 14353
242 14354
243 14355
244 14356
245 14357
246 14358
247 14359
248 14360
249 14361
250 14362
251 14363
252 14364
253 14365
254 14366
255 14367
256 14368
257 14369
258 14370
259 14371
260 14372
261 14373
262 14374
263 14375
264 14376
265 14377
266 14378
267 14379
268 14380
269 14381
270 14382
271 14383
272 14384
273 14385
274 14386
275 14387
276 14388
277 14389
278 14390
279 14391
280 14392
281 14393
282 14394
283 14395
284 14396
285 14397
286 14398
287 14399
