0 11808
1 11809
2 11810
3 11811
4 11812
5 11813
6 11814
7 11815
8 11816
9 11817
10 11818
11 11819
12 11820
13 11821
14 11822
15 11823
16 11824
17 11825
18 11826
19 11827
20 11828
21 11829
22 11830
23 11831
24 11832
25 11833
26 11834
27 11835
28 11836
29 11837
30 11838
31 11839
32 11840
33 11841
34 11842
35 11843
36 11844
37 11845
38 11846
39 11847
40 11848
41 11849
42 11850
43 11851
44 11852
45 11853
46 11854
47 11855
48 11856
49 11857
50 11858
51 11859
52 11860
53 11861
54 11862
55 11863
56 11864
57 11865
58 11866
59 11867
60 11868
61 11869
62 11870
63 11871
64 11872
65 11873
66 11874
67 11875
68 11876
69 11877
70 11878
71 11879
72 11880
73 11881
74 11882
75 11883
76 11884
77 11885
78 11886
79 11887
80 11888
81 11889
82 11890
83 11891
84 11892
85 11893
86 11894
87 11895
88 11896
89 11897
90 11898
91 11899
92 11900
93 11901
94 11902
95 11903
96 11904
97 11905
98 11906
99 11907
100 11908
101 11909
102 11910
103 11911
104 11912
105 11913
106 11914
107 11915
108 11916
109 11917
110 11918
111 11919
112 11920
113 11921
114 11922
115 11923
116 11924
117 11925
118 11926
119 11927
120 11928
121 11929
122 11930
123 11931
124 11932
125 11933
126 11934
127 11935
128 11936
129 11937
130 11938
131 11939
132 11940
133 11941
134 11942
135 11943
136 11944
137 11945
138 11946
139 11947
140 11948
141 11949
142 11950
143 11951
144 11952
145 11953
146 11954
147 11955
148 11956
149 11957
150 11958
151 11959
152 11960
153 11961
154 11962
155 11963
156 11964
157 11965
158 11966
159 11967
160 11968
161 11969
162 11970
163 11971
164 11972
165 11973
166 11974
167 11975
168 11976
169 11977
170 11978
171 11979
172 11980
173 11981
174 11982
175 11983
176 11984
177 11985
178 11986
179 11987
180 11988
181 11989
182 11990
183 11991
184 11992
185 11993
186 11994
187 11995
188 11996
189 11997
190 11998
191 11999
192 12000
193 12001
194 12002
195 12003
196 12004
197 12005
198 12006
199 12007
200 12008
201 12009
202 12010
203 12011
204 12012
205 12013
206 12014
207 12015
208 12016
209 12017
210 12018
211 12019
212 12020
213 12021
214 12022
215 12023
216 12024
217 12025
218 12026
219 12027
220 12028
221 12029
222 12030
223 12031
224 12032
225 12033
226 12034
227 12035
228 12036
229 12037
230 12038
231 12039
232 12040
233 12041
234 12042
235 12043
236 12044
237 12045
238 12046
239 12047
240 12048
241 12049
242 12050
243 12051
244 12052
245 12053
246 12054
247 12055
248 12056
249 12057
250 12058
251 12059
252 12060
253 12061
254 12062
255 12063
256 12064
257 12065
258 12066
259 12067
260 12068
261 12069
262 12070
263 12071
264 12072
265 12073
266 12074
267 12075
268 12076
269 12077
270 12078
271 12079
272 12080
273 12081
274 12082
275 12083
276 12084
277 12085
278 12086
279 12087
280 12088
281 12089
282 12090
283 12091
284 12092
285 12093
286 12094
287 12095
