0 15840
1 15841
2 15842
3 15843
4 15844
5 15845
6 15846
7 15847
8 15848
9 15849
10 15850
11 15851
12 15852
13 15853
14 15854
15 15855
16 15856
17 15857
18 15858
19 15859
20 15860
21 15861
22 15862
23 15863
24 15864
25 15865
26 15866
27 15867
28 15868
29 15869
30 15870
31 15871
32 15872
33 15873
34 15874
35 15875
36 15876
37 15877
38 15878
39 15879
40 15880
41 15881
42 15882
43 15883
44 15884
45 15885
46 15886
47 15887
48 15888
49 15889
50 15890
51 15891
52 15892
53 15893
54 15894
55 15895
56 15896
57 15897
58 15898
59 15899
60 15900
61 15901
62 15902
63 15903
64 15904
65 15905
66 15906
67 15907
68 15908
69 15909
70 15910
71 15911
72 15912
73 15913
74 15914
75 15915
76 15916
77 15917
78 15918
79 15919
80 15920
81 15921
82 15922
83 15923
84 15924
85 15925
86 15926
87 15927
88 15928
89 15929
90 15930
91 15931
92 15932
93 15933
94 15934
95 15935
96 15936
97 15937
98 15938
99 15939
100 15940
101 15941
102 15942
103 15943
104 15944
105 15945
106 15946
107 15947
108 15948
109 15949
110 15950
111 15951
112 15952
113 15953
114 15954
115 15955
116 15956
117 15957
118 15958
119 15959
120 15960
121 15961
122 15962
123 15963
124 15964
125 15965
126 15966
127 15967
128 15968
129 15969
130 15970
131 15971
132 15972
133 15973
134 15974
135 15975
136 15976
137 15977
138 15978
139 15979
140 15980
141 15981
142 15982
143 15983
144 15984
145 15985
146 15986
147 15987
148 15988
149 15989
150 15990
151 15991
152 15992
153 15993
154 15994
155 15995
156 15996
157 15997
158 15998
159 15999
160 16000
161 16001
162 16002
163 16003
164 16004
165 16005
166 16006
167 16007
168 16008
169 16009
170 16010
171 16011
172 16012
173 16013
174 16014
175 16015
176 16016
177 16017
178 16018
179 16019
180 16020
181 16021
182 16022
183 16023
184 16024
185 16025
186 16026
187 16027
188 16028
189 16029
190 16030
191 16031
192 16032
193 16033
194 16034
195 16035
196 16036
197 16037
198 16038
199 16039
200 16040
201 16041
202 16042
203 16043
204 16044
205 16045
206 16046
207 16047
208 16048
209 16049
210 16050
211 16051
212 16052
213 16053
214 16054
215 16055
216 16056
217 16057
218 16058
219 16059
220 16060
221 16061
222 16062
223 16063
224 16064
225 16065
226 16066
227 16067
228 16068
229 16069
230 16070
231 16071
232 16072
233 16073
234 16074
235 16075
236 16076
237 16077
238 16078
239 16079
240 16080
241 16081
242 16082
243 16083
244 16084
245 16085
246 16086
247 16087
248 16088
249 16089
250 16090
251 16091
252 16092
253 16093
254 16094
255 16095
256 16096
257 16097
258 16098
259 16099
260 16100
261 16101
262 16102
263 16103
264 16104
265 16105
266 16106
267 16107
268 16108
269 16109
270 16110
271 16111
272 16112
273 16113
274 16114
275 16115
276 16116
277 16117
278 16118
279 16119
280 16120
281 16121
282 16122
283 16123
284 16124
285 16125
