0 14976
1 14977
2 14978
3 14979
4 14980
5 14981
6 14982
7 14983
8 14984
9 14985
10 14986
11 14987
12 14988
13 14989
14 14990
15 14991
16 14992
17 14993
18 14994
19 14995
20 14996
21 14997
22 14998
23 14999
24 15000
25 15001
26 15002
27 15003
28 15004
29 15005
30 15006
31 15007
32 15008
33 15009
34 15010
35 15011
36 15012
37 15013
38 15014
39 15015
40 15016
41 15017
42 15018
43 15019
44 15020
45 15021
46 15022
47 15023
48 15024
49 15025
50 15026
51 15027
52 15028
53 15029
54 15030
55 15031
56 15032
57 15033
58 15034
59 15035
60 15036
61 15037
62 15038
63 15039
64 15040
65 15041
66 15042
67 15043
68 15044
69 15045
70 15046
71 15047
72 15048
73 15049
74 15050
75 15051
76 15052
77 15053
78 15054
79 15055
80 15056
81 15057
82 15058
83 15059
84 15060
85 15061
86 15062
87 15063
88 15064
89 15065
90 15066
91 15067
92 15068
93 15069
94 15070
95 15071
96 15072
97 15073
98 15074
99 15075
100 15076
101 15077
102 15078
103 15079
104 15080
105 15081
106 15082
107 15083
108 15084
109 15085
110 15086
111 15087
112 15088
113 15089
114 15090
115 15091
116 15092
117 15093
118 15094
119 15095
120 15096
121 15097
122 15098
123 15099
124 15100
125 15101
126 15102
127 15103
128 15104
129 15105
130 15106
131 15107
132 15108
133 15109
134 15110
135 15111
136 15112
137 15113
138 15114
139 15115
140 15116
141 15117
142 15118
143 15119
144 15120
145 15121
146 15122
147 15123
148 15124
149 15125
150 15126
151 15127
152 15128
153 15129
154 15130
155 15131
156 15132
157 15133
158 15134
159 15135
160 15136
161 15137
162 15138
163 15139
164 15140
165 15141
166 15142
167 15143
168 15144
169 15145
170 15146
171 15147
172 15148
173 15149
174 15150
175 15151
176 15152
177 15153
178 15154
179 15155
180 15156
181 15157
182 15158
183 15159
184 15160
185 15161
186 15162
187 15163
188 15164
189 15165
190 15166
191 15167
192 15168
193 15169
194 15170
195 15171
196 15172
197 15173
198 15174
199 15175
200 15176
201 15177
202 15178
203 15179
204 15180
205 15181
206 15182
207 15183
208 15184
209 15185
210 15186
211 15187
212 15188
213 15189
214 15190
215 15191
216 15192
217 15193
218 15194
219 15195
220 15196
221 15197
222 15198
223 15199
224 15200
225 15201
226 15202
227 15203
228 15204
229 15205
230 15206
231 15207
232 15208
233 15209
234 15210
235 15211
236 15212
237 15213
238 15214
239 15215
240 15216
241 15217
242 15218
243 15219
244 15220
245 15221
246 15222
247 15223
248 15224
249 15225
250 15226
251 15227
252 15228
253 15229
254 15230
255 15231
256 15232
257 15233
258 15234
259 15235
260 15236
261 15237
262 15238
263 15239
264 15240
265 15241
266 15242
267 15243
268 15244
269 15245
270 15246
271 15247
272 15248
273 15249
274 15250
275 15251
276 15252
277 15253
278 15254
279 15255
280 15256
281 15257
282 15258
283 15259
284 15260
285 15261
286 15262
287 15263
