0 15264
1 15265
2 15266
3 15267
4 15268
5 15269
6 15270
7 15271
8 15272
9 15273
10 15274
11 15275
12 15276
13 15277
14 15278
15 15279
16 15280
17 15281
18 15282
19 15283
20 15284
21 15285
22 15286
23 15287
24 15288
25 15289
26 15290
27 15291
28 15292
29 15293
30 15294
31 15295
32 15296
33 15297
34 15298
35 15299
36 15300
37 15301
38 15302
39 15303
40 15304
41 15305
42 15306
43 15307
44 15308
45 15309
46 15310
47 15311
48 15312
49 15313
50 15314
51 15315
52 15316
53 15317
54 15318
55 15319
56 15320
57 15321
58 15322
59 15323
60 15324
61 15325
62 15326
63 15327
64 15328
65 15329
66 15330
67 15331
68 15332
69 15333
70 15334
71 15335
72 15336
73 15337
74 15338
75 15339
76 15340
77 15341
78 15342
79 15343
80 15344
81 15345
82 15346
83 15347
84 15348
85 15349
86 15350
87 15351
88 15352
89 15353
90 15354
91 15355
92 15356
93 15357
94 15358
95 15359
96 15360
97 15361
98 15362
99 15363
100 15364
101 15365
102 15366
103 15367
104 15368
105 15369
106 15370
107 15371
108 15372
109 15373
110 15374
111 15375
112 15376
113 15377
114 15378
115 15379
116 15380
117 15381
118 15382
119 15383
120 15384
121 15385
122 15386
123 15387
124 15388
125 15389
126 15390
127 15391
128 15392
129 15393
130 15394
131 15395
132 15396
133 15397
134 15398
135 15399
136 15400
137 15401
138 15402
139 15403
140 15404
141 15405
142 15406
143 15407
144 15408
145 15409
146 15410
147 15411
148 15412
149 15413
150 15414
151 15415
152 15416
153 15417
154 15418
155 15419
156 15420
157 15421
158 15422
159 15423
160 15424
161 15425
162 15426
163 15427
164 15428
165 15429
166 15430
167 15431
168 15432
169 15433
170 15434
171 15435
172 15436
173 15437
174 15438
175 15439
176 15440
177 15441
178 15442
179 15443
180 15444
181 15445
182 15446
183 15447
184 15448
185 15449
186 15450
187 15451
188 15452
189 15453
190 15454
191 15455
192 15456
193 15457
194 15458
195 15459
196 15460
197 15461
198 15462
199 15463
200 15464
201 15465
202 15466
203 15467
204 15468
205 15469
206 15470
207 15471
208 15472
209 15473
210 15474
211 15475
212 15476
213 15477
214 15478
215 15479
216 15480
217 15481
218 15482
219 15483
220 15484
221 15485
222 15486
223 15487
224 15488
225 15489
226 15490
227 15491
228 15492
229 15493
230 15494
231 15495
232 15496
233 15497
234 15498
235 15499
236 15500
237 15501
238 15502
239 15503
240 15504
241 15505
242 15506
243 15507
244 15508
245 15509
246 15510
247 15511
248 15512
249 15513
250 15514
251 15515
252 15516
253 15517
254 15518
255 15519
256 15520
257 15521
258 15522
259 15523
260 15524
261 15525
262 15526
263 15527
264 15528
265 15529
266 15530
267 15531
268 15532
269 15533
270 15534
271 15535
272 15536
273 15537
274 15538
275 15539
276 15540
277 15541
278 15542
279 15543
280 15544
281 15545
282 15546
283 15547
284 15548
285 15549
286 15550
287 15551
