0 5184
1 5185
2 5186
3 5187
4 5188
5 5189
6 5190
7 5191
8 5192
9 5193
10 5194
11 5195
12 5196
13 5197
14 5198
15 5199
16 5200
17 5201
18 5202
19 5203
20 5204
21 5205
22 5206
23 5207
24 5208
25 5209
26 5210
27 5211
28 5212
29 5213
30 5214
31 5215
32 5216
33 5217
34 5218
35 5219
36 5220
37 5221
38 5222
39 5223
40 5224
41 5225
42 5226
43 5227
44 5228
45 5229
46 5230
47 5231
48 5232
49 5233
50 5234
51 5235
52 5236
53 5237
54 5238
55 5239
56 5240
57 5241
58 5242
59 5243
60 5244
61 5245
62 5246
63 5247
64 5248
65 5249
66 5250
67 5251
68 5252
69 5253
70 5254
71 5255
72 5256
73 5257
74 5258
75 5259
76 5260
77 5261
78 5262
79 5263
80 5264
81 5265
82 5266
83 5267
84 5268
85 5269
86 5270
87 5271
88 5272
89 5273
90 5274
91 5275
92 5276
93 5277
94 5278
95 5279
96 5280
97 5281
98 5282
99 5283
100 5284
101 5285
102 5286
103 5287
104 5288
105 5289
106 5290
107 5291
108 5292
109 5293
110 5294
111 5295
112 5296
113 5297
114 5298
115 5299
116 5300
117 5301
118 5302
119 5303
120 5304
121 5305
122 5306
123 5307
124 5308
125 5309
126 5310
127 5311
128 5312
129 5313
130 5314
131 5315
132 5316
133 5317
134 5318
135 5319
136 5320
137 5321
138 5322
139 5323
140 5324
141 5325
142 5326
143 5327
144 5328
145 5329
146 5330
147 5331
148 5332
149 5333
150 5334
151 5335
152 5336
153 5337
154 5338
155 5339
156 5340
157 5341
158 5342
159 5343
160 5344
161 5345
162 5346
163 5347
164 5348
165 5349
166 5350
167 5351
168 5352
169 5353
170 5354
171 5355
172 5356
173 5357
174 5358
175 5359
176 5360
177 5361
178 5362
179 5363
180 5364
181 5365
182 5366
183 5367
184 5368
185 5369
186 5370
187 5371
188 5372
189 5373
190 5374
191 5375
192 5376
193 5377
194 5378
195 5379
196 5380
197 5381
198 5382
199 5383
200 5384
201 5385
202 5386
203 5387
204 5388
205 5389
206 5390
207 5391
208 5392
209 5393
210 5394
211 5395
212 5396
213 5397
214 5398
215 5399
216 5400
217 5401
218 5402
219 5403
220 5404
221 5405
222 5406
223 5407
224 5408
225 5409
226 5410
227 5411
228 5412
229 5413
230 5414
231 5415
232 5416
233 5417
234 5418
235 5419
236 5420
237 5421
238 5422
239 5423
240 5424
241 5425
242 5426
243 5427
244 5428
245 5429
246 5430
247 5431
248 5432
249 5433
250 5434
251 5435
252 5436
253 5437
254 5438
255 5439
256 5440
257 5441
258 5442
259 5443
260 5444
261 5445
262 5446
263 5447
264 5448
265 5449
266 5450
267 5451
268 5452
269 5453
270 5454
271 5455
272 5456
273 5457
274 5458
275 5459
276 5460
277 5461
278 5462
279 5463
280 5464
281 5465
282 5466
283 5467
284 5468
285 5469
286 5470
287 5471
