0 12096
1 12097
2 12098
3 12099
4 12100
5 12101
6 12102
7 12103
8 12104
9 12105
10 12106
11 12107
12 12108
13 12109
14 12110
15 12111
16 12112
17 12113
18 12114
19 12115
20 12116
21 12117
22 12118
23 12119
24 12120
25 12121
26 12122
27 12123
28 12124
29 12125
30 12126
31 12127
32 12128
33 12129
34 12130
35 12131
36 12132
37 12133
38 12134
39 12135
40 12136
41 12137
42 12138
43 12139
44 12140
45 12141
46 12142
47 12143
48 12144
49 12145
50 12146
51 12147
52 12148
53 12149
54 12150
55 12151
56 12152
57 12153
58 12154
59 12155
60 12156
61 12157
62 12158
63 12159
64 12160
65 12161
66 12162
67 12163
68 12164
69 12165
70 12166
71 12167
72 12168
73 12169
74 12170
75 12171
76 12172
77 12173
78 12174
79 12175
80 12176
81 12177
82 12178
83 12179
84 12180
85 12181
86 12182
87 12183
88 12184
89 12185
90 12186
91 12187
92 12188
93 12189
94 12190
95 12191
96 12192
97 12193
98 12194
99 12195
100 12196
101 12197
102 12198
103 12199
104 12200
105 12201
106 12202
107 12203
108 12204
109 12205
110 12206
111 12207
112 12208
113 12209
114 12210
115 12211
116 12212
117 12213
118 12214
119 12215
120 12216
121 12217
122 12218
123 12219
124 12220
125 12221
126 12222
127 12223
128 12224
129 12225
130 12226
131 12227
132 12228
133 12229
134 12230
135 12231
136 12232
137 12233
138 12234
139 12235
140 12236
141 12237
142 12238
143 12239
144 12240
145 12241
146 12242
147 12243
148 12244
149 12245
150 12246
151 12247
152 12248
153 12249
154 12250
155 12251
156 12252
157 12253
158 12254
159 12255
160 12256
161 12257
162 12258
163 12259
164 12260
165 12261
166 12262
167 12263
168 12264
169 12265
170 12266
171 12267
172 12268
173 12269
174 12270
175 12271
176 12272
177 12273
178 12274
179 12275
180 12276
181 12277
182 12278
183 12279
184 12280
185 12281
186 12282
187 12283
188 12284
189 12285
190 12286
191 12287
192 12288
193 12289
194 12290
195 12291
196 12292
197 12293
198 12294
199 12295
200 12296
201 12297
202 12298
203 12299
204 12300
205 12301
206 12302
207 12303
208 12304
209 12305
210 12306
211 12307
212 12308
213 12309
214 12310
215 12311
216 12312
217 12313
218 12314
219 12315
220 12316
221 12317
222 12318
223 12319
224 12320
225 12321
226 12322
227 12323
228 12324
229 12325
230 12326
231 12327
232 12328
233 12329
234 12330
235 12331
236 12332
237 12333
238 12334
239 12335
240 12336
241 12337
242 12338
243 12339
244 12340
245 12341
246 12342
247 12343
248 12344
249 12345
250 12346
251 12347
252 12348
253 12349
254 12350
255 12351
256 12352
257 12353
258 12354
259 12355
260 12356
261 12357
262 12358
263 12359
264 12360
265 12361
266 12362
267 12363
268 12364
269 12365
270 12366
271 12367
272 12368
273 12369
274 12370
275 12371
276 12372
277 12373
278 12374
279 12375
280 12376
281 12377
282 12378
283 12379
284 12380
285 12381
286 12382
287 12383
