0 3456
1 3457
2 3458
3 3459
4 3460
5 3461
6 3462
7 3463
8 3464
9 3465
10 3466
11 3467
12 3468
13 3469
14 3470
15 3471
16 3472
17 3473
18 3474
19 3475
20 3476
21 3477
22 3478
23 3479
24 3480
25 3481
26 3482
27 3483
28 3484
29 3485
30 3486
31 3487
32 3488
33 3489
34 3490
35 3491
36 3492
37 3493
38 3494
39 3495
40 3496
41 3497
42 3498
43 3499
44 3500
45 3501
46 3502
47 3503
48 3504
49 3505
50 3506
51 3507
52 3508
53 3509
54 3510
55 3511
56 3512
57 3513
58 3514
59 3515
60 3516
61 3517
62 3518
63 3519
64 3520
65 3521
66 3522
67 3523
68 3524
69 3525
70 3526
71 3527
72 3528
73 3529
74 3530
75 3531
76 3532
77 3533
78 3534
79 3535
80 3536
81 3537
82 3538
83 3539
84 3540
85 3541
86 3542
87 3543
88 3544
89 3545
90 3546
91 3547
92 3548
93 3549
94 3550
95 3551
96 3552
97 3553
98 3554
99 3555
100 3556
101 3557
102 3558
103 3559
104 3560
105 3561
106 3562
107 3563
108 3564
109 3565
110 3566
111 3567
112 3568
113 3569
114 3570
115 3571
116 3572
117 3573
118 3574
119 3575
120 3576
121 3577
122 3578
123 3579
124 3580
125 3581
126 3582
127 3583
128 3584
129 3585
130 3586
131 3587
132 3588
133 3589
134 3590
135 3591
136 3592
137 3593
138 3594
139 3595
140 3596
141 3597
142 3598
143 3599
144 3600
145 3601
146 3602
147 3603
148 3604
149 3605
150 3606
151 3607
152 3608
153 3609
154 3610
155 3611
156 3612
157 3613
158 3614
159 3615
160 3616
161 3617
162 3618
163 3619
164 3620
165 3621
166 3622
167 3623
168 3624
169 3625
170 3626
171 3627
172 3628
173 3629
174 3630
175 3631
176 3632
177 3633
178 3634
179 3635
180 3636
181 3637
182 3638
183 3639
184 3640
185 3641
186 3642
187 3643
188 3644
189 3645
190 3646
191 3647
192 3648
193 3649
194 3650
195 3651
196 3652
197 3653
198 3654
199 3655
200 3656
201 3657
202 3658
203 3659
204 3660
205 3661
206 3662
207 3663
208 3664
209 3665
210 3666
211 3667
212 3668
213 3669
214 3670
215 3671
216 3672
217 3673
218 3674
219 3675
220 3676
221 3677
222 3678
223 3679
224 3680
225 3681
226 3682
227 3683
228 3684
229 3685
230 3686
231 3687
232 3688
233 3689
234 3690
235 3691
236 3692
237 3693
238 3694
239 3695
240 3696
241 3697
242 3698
243 3699
244 3700
245 3701
246 3702
247 3703
248 3704
249 3705
250 3706
251 3707
252 3708
253 3709
254 3710
255 3711
256 3712
257 3713
258 3714
259 3715
260 3716
261 3717
262 3718
263 3719
264 3720
265 3721
266 3722
267 3723
268 3724
269 3725
270 3726
271 3727
272 3728
273 3729
274 3730
275 3731
276 3732
277 3733
278 3734
279 3735
280 3736
281 3737
282 3738
283 3739
284 3740
285 3741
286 3742
287 3743
