0 8064
1 8065
2 8066
3 8067
4 8068
5 8069
6 8070
7 8071
8 8072
9 8073
10 8074
11 8075
12 8076
13 8077
14 8078
15 8079
16 8080
17 8081
18 8082
19 8083
20 8084
21 8085
22 8086
23 8087
24 8088
25 8089
26 8090
27 8091
28 8092
29 8093
30 8094
31 8095
32 8096
33 8097
34 8098
35 8099
36 8100
37 8101
38 8102
39 8103
40 8104
41 8105
42 8106
43 8107
44 8108
45 8109
46 8110
47 8111
48 8112
49 8113
50 8114
51 8115
52 8116
53 8117
54 8118
55 8119
56 8120
57 8121
58 8122
59 8123
60 8124
61 8125
62 8126
63 8127
64 8128
65 8129
66 8130
67 8131
68 8132
69 8133
70 8134
71 8135
72 8136
73 8137
74 8138
75 8139
76 8140
77 8141
78 8142
79 8143
80 8144
81 8145
82 8146
83 8147
84 8148
85 8149
86 8150
87 8151
88 8152
89 8153
90 8154
91 8155
92 8156
93 8157
94 8158
95 8159
96 8160
97 8161
98 8162
99 8163
100 8164
101 8165
102 8166
103 8167
104 8168
105 8169
106 8170
107 8171
108 8172
109 8173
110 8174
111 8175
112 8176
113 8177
114 8178
115 8179
116 8180
117 8181
118 8182
119 8183
120 8184
121 8185
122 8186
123 8187
124 8188
125 8189
126 8190
127 8191
128 8192
129 8193
130 8194
131 8195
132 8196
133 8197
134 8198
135 8199
136 8200
137 8201
138 8202
139 8203
140 8204
141 8205
142 8206
143 8207
144 8208
145 8209
146 8210
147 8211
148 8212
149 8213
150 8214
151 8215
152 8216
153 8217
154 8218
155 8219
156 8220
157 8221
158 8222
159 8223
160 8224
161 8225
162 8226
163 8227
164 8228
165 8229
166 8230
167 8231
168 8232
169 8233
170 8234
171 8235
172 8236
173 8237
174 8238
175 8239
176 8240
177 8241
178 8242
179 8243
180 8244
181 8245
182 8246
183 8247
184 8248
185 8249
186 8250
187 8251
188 8252
189 8253
190 8254
191 8255
192 8256
193 8257
194 8258
195 8259
196 8260
197 8261
198 8262
199 8263
200 8264
201 8265
202 8266
203 8267
204 8268
205 8269
206 8270
207 8271
208 8272
209 8273
210 8274
211 8275
212 8276
213 8277
214 8278
215 8279
216 8280
217 8281
218 8282
219 8283
220 8284
221 8285
222 8286
223 8287
224 8288
225 8289
226 8290
227 8291
228 8292
229 8293
230 8294
231 8295
232 8296
233 8297
234 8298
235 8299
236 8300
237 8301
238 8302
239 8303
240 8304
241 8305
242 8306
243 8307
244 8308
245 8309
246 8310
247 8311
248 8312
249 8313
250 8314
251 8315
252 8316
253 8317
254 8318
255 8319
256 8320
257 8321
258 8322
259 8323
260 8324
261 8325
262 8326
263 8327
264 8328
265 8329
266 8330
267 8331
268 8332
269 8333
270 8334
271 8335
272 8336
273 8337
274 8338
275 8339
276 8340
277 8341
278 8342
279 8343
280 8344
281 8345
282 8346
283 8347
284 8348
285 8349
286 8350
287 8351
