0 14400
1 14401
2 14402
3 14403
4 14404
5 14405
6 14406
7 14407
8 14408
9 14409
10 14410
11 14411
12 14412
13 14413
14 14414
15 14415
16 14416
17 14417
18 14418
19 14419
20 14420
21 14421
22 14422
23 14423
24 14424
25 14425
26 14426
27 14427
28 14428
29 14429
30 14430
31 14431
32 14432
33 14433
34 14434
35 14435
36 14436
37 14437
38 14438
39 14439
40 14440
41 14441
42 14442
43 14443
44 14444
45 14445
46 14446
47 14447
48 14448
49 14449
50 14450
51 14451
52 14452
53 14453
54 14454
55 14455
56 14456
57 14457
58 14458
59 14459
60 14460
61 14461
62 14462
63 14463
64 14464
65 14465
66 14466
67 14467
68 14468
69 14469
70 14470
71 14471
72 14472
73 14473
74 14474
75 14475
76 14476
77 14477
78 14478
79 14479
80 14480
81 14481
82 14482
83 14483
84 14484
85 14485
86 14486
87 14487
88 14488
89 14489
90 14490
91 14491
92 14492
93 14493
94 14494
95 14495
96 14496
97 14497
98 14498
99 14499
100 14500
101 14501
102 14502
103 14503
104 14504
105 14505
106 14506
107 14507
108 14508
109 14509
110 14510
111 14511
112 14512
113 14513
114 14514
115 14515
116 14516
117 14517
118 14518
119 14519
120 14520
121 14521
122 14522
123 14523
124 14524
125 14525
126 14526
127 14527
128 14528
129 14529
130 14530
131 14531
132 14532
133 14533
134 14534
135 14535
136 14536
137 14537
138 14538
139 14539
140 14540
141 14541
142 14542
143 14543
144 14544
145 14545
146 14546
147 14547
148 14548
149 14549
150 14550
151 14551
152 14552
153 14553
154 14554
155 14555
156 14556
157 14557
158 14558
159 14559
160 14560
161 14561
162 14562
163 14563
164 14564
165 14565
166 14566
167 14567
168 14568
169 14569
170 14570
171 14571
172 14572
173 14573
174 14574
175 14575
176 14576
177 14577
178 14578
179 14579
180 14580
181 14581
182 14582
183 14583
184 14584
185 14585
186 14586
187 14587
188 14588
189 14589
190 14590
191 14591
192 14592
193 14593
194 14594
195 14595
196 14596
197 14597
198 14598
199 14599
200 14600
201 14601
202 14602
203 14603
204 14604
205 14605
206 14606
207 14607
208 14608
209 14609
210 14610
211 14611
212 14612
213 14613
214 14614
215 14615
216 14616
217 14617
218 14618
219 14619
220 14620
221 14621
222 14622
223 14623
224 14624
225 14625
226 14626
227 14627
228 14628
229 14629
230 14630
231 14631
232 14632
233 14633
234 14634
235 14635
236 14636
237 14637
238 14638
239 14639
240 14640
241 14641
242 14642
243 14643
244 14644
245 14645
246 14646
247 14647
248 14648
249 14649
250 14650
251 14651
252 14652
253 14653
254 14654
255 14655
256 14656
257 14657
258 14658
259 14659
260 14660
261 14661
262 14662
263 14663
264 14664
265 14665
266 14666
267 14667
268 14668
269 14669
270 14670
271 14671
272 14672
273 14673
274 14674
275 14675
276 14676
277 14677
278 14678
279 14679
280 14680
281 14681
282 14682
283 14683
284 14684
285 14685
286 14686
287 14687
