0 288
1 289
2 290
3 291
4 292
5 293
6 294
7 295
8 296
9 297
10 298
11 299
12 300
13 301
14 302
15 303
16 304
17 305
18 306
19 307
20 308
21 309
22 310
23 311
24 312
25 313
26 314
27 315
28 316
29 317
30 318
31 319
32 320
33 321
34 322
35 323
36 324
37 325
38 326
39 327
40 328
41 329
42 330
43 331
44 332
45 333
46 334
47 335
48 336
49 337
50 338
51 339
52 340
53 341
54 342
55 343
56 344
57 345
58 346
59 347
60 348
61 349
62 350
63 351
64 352
65 353
66 354
67 355
68 356
69 357
70 358
71 359
72 360
73 361
74 362
75 363
76 364
77 365
78 366
79 367
80 368
81 369
82 370
83 371
84 372
85 373
86 374
87 375
88 376
89 377
90 378
91 379
92 380
93 381
94 382
95 383
96 384
97 385
98 386
99 387
100 388
101 389
102 390
103 391
104 392
105 393
106 394
107 395
108 396
109 397
110 398
111 399
112 400
113 401
114 402
115 403
116 404
117 405
118 406
119 407
120 408
121 409
122 410
123 411
124 412
125 413
126 414
127 415
128 416
129 417
130 418
131 419
132 420
133 421
134 422
135 423
136 424
137 425
138 426
139 427
140 428
141 429
142 430
143 431
144 432
145 433
146 434
147 435
148 436
149 437
150 438
151 439
152 440
153 441
154 442
155 443
156 444
157 445
158 446
159 447
160 448
161 449
162 450
163 451
164 452
165 453
166 454
167 455
168 456
169 457
170 458
171 459
172 460
173 461
174 462
175 463
176 464
177 465
178 466
179 467
180 468
181 469
182 470
183 471
184 472
185 473
186 474
187 475
188 476
189 477
190 478
191 479
192 480
193 481
194 482
195 483
196 484
197 485
198 486
199 487
200 488
201 489
202 490
203 491
204 492
205 493
206 494
207 495
208 496
209 497
210 498
211 499
212 500
213 501
214 502
215 503
216 504
217 505
218 506
219 507
220 508
221 509
222 510
223 511
224 512
225 513
226 514
227 515
228 516
229 517
230 518
231 519
232 520
233 521
234 522
235 523
236 524
237 525
238 526
239 527
240 528
241 529
242 530
243 531
244 532
245 533
246 534
247 535
248 536
249 537
250 538
251 539
252 540
253 541
254 542
255 543
256 544
257 545
258 546
259 547
260 548
261 549
262 550
263 551
264 552
265 553
266 554
267 555
268 556
269 557
270 558
271 559
272 560
273 561
274 562
275 563
276 564
277 565
278 566
279 567
280 568
281 569
282 570
283 571
284 572
285 573
286 574
287 575
