0 8928
1 8929
2 8930
3 8931
4 8932
5 8933
6 8934
7 8935
8 8936
9 8937
10 8938
11 8939
12 8940
13 8941
14 8942
15 8943
16 8944
17 8945
18 8946
19 8947
20 8948
21 8949
22 8950
23 8951
24 8952
25 8953
26 8954
27 8955
28 8956
29 8957
30 8958
31 8959
32 8960
33 8961
34 8962
35 8963
36 8964
37 8965
38 8966
39 8967
40 8968
41 8969
42 8970
43 8971
44 8972
45 8973
46 8974
47 8975
48 8976
49 8977
50 8978
51 8979
52 8980
53 8981
54 8982
55 8983
56 8984
57 8985
58 8986
59 8987
60 8988
61 8989
62 8990
63 8991
64 8992
65 8993
66 8994
67 8995
68 8996
69 8997
70 8998
71 8999
72 9000
73 9001
74 9002
75 9003
76 9004
77 9005
78 9006
79 9007
80 9008
81 9009
82 9010
83 9011
84 9012
85 9013
86 9014
87 9015
88 9016
89 9017
90 9018
91 9019
92 9020
93 9021
94 9022
95 9023
96 9024
97 9025
98 9026
99 9027
100 9028
101 9029
102 9030
103 9031
104 9032
105 9033
106 9034
107 9035
108 9036
109 9037
110 9038
111 9039
112 9040
113 9041
114 9042
115 9043
116 9044
117 9045
118 9046
119 9047
120 9048
121 9049
122 9050
123 9051
124 9052
125 9053
126 9054
127 9055
128 9056
129 9057
130 9058
131 9059
132 9060
133 9061
134 9062
135 9063
136 9064
137 9065
138 9066
139 9067
140 9068
141 9069
142 9070
143 9071
144 9072
145 9073
146 9074
147 9075
148 9076
149 9077
150 9078
151 9079
152 9080
153 9081
154 9082
155 9083
156 9084
157 9085
158 9086
159 9087
160 9088
161 9089
162 9090
163 9091
164 9092
165 9093
166 9094
167 9095
168 9096
169 9097
170 9098
171 9099
172 9100
173 9101
174 9102
175 9103
176 9104
177 9105
178 9106
179 9107
180 9108
181 9109
182 9110
183 9111
184 9112
185 9113
186 9114
187 9115
188 9116
189 9117
190 9118
191 9119
192 9120
193 9121
194 9122
195 9123
196 9124
197 9125
198 9126
199 9127
200 9128
201 9129
202 9130
203 9131
204 9132
205 9133
206 9134
207 9135
208 9136
209 9137
210 9138
211 9139
212 9140
213 9141
214 9142
215 9143
216 9144
217 9145
218 9146
219 9147
220 9148
221 9149
222 9150
223 9151
224 9152
225 9153
226 9154
227 9155
228 9156
229 9157
230 9158
231 9159
232 9160
233 9161
234 9162
235 9163
236 9164
237 9165
238 9166
239 9167
240 9168
241 9169
242 9170
243 9171
244 9172
245 9173
246 9174
247 9175
248 9176
249 9177
250 9178
251 9179
252 9180
253 9181
254 9182
255 9183
256 9184
257 9185
258 9186
259 9187
260 9188
261 9189
262 9190
263 9191
264 9192
265 9193
266 9194
267 9195
268 9196
269 9197
270 9198
271 9199
272 9200
273 9201
274 9202
275 9203
276 9204
277 9205
278 9206
279 9207
280 9208
281 9209
282 9210
283 9211
284 9212
285 9213
286 9214
287 9215
