0 576
1 577
2 578
3 579
4 580
5 581
6 582
7 583
8 584
9 585
10 586
11 587
12 588
13 589
14 590
15 591
16 592
17 593
18 594
19 595
20 596
21 597
22 598
23 599
24 600
25 601
26 602
27 603
28 604
29 605
30 606
31 607
32 608
33 609
34 610
35 611
36 612
37 613
38 614
39 615
40 616
41 617
42 618
43 619
44 620
45 621
46 622
47 623
48 624
49 625
50 626
51 627
52 628
53 629
54 630
55 631
56 632
57 633
58 634
59 635
60 636
61 637
62 638
63 639
64 640
65 641
66 642
67 643
68 644
69 645
70 646
71 647
72 648
73 649
74 650
75 651
76 652
77 653
78 654
79 655
80 656
81 657
82 658
83 659
84 660
85 661
86 662
87 663
88 664
89 665
90 666
91 667
92 668
93 669
94 670
95 671
96 672
97 673
98 674
99 675
100 676
101 677
102 678
103 679
104 680
105 681
106 682
107 683
108 684
109 685
110 686
111 687
112 688
113 689
114 690
115 691
116 692
117 693
118 694
119 695
120 696
121 697
122 698
123 699
124 700
125 701
126 702
127 703
128 704
129 705
130 706
131 707
132 708
133 709
134 710
135 711
136 712
137 713
138 714
139 715
140 716
141 717
142 718
143 719
144 720
145 721
146 722
147 723
148 724
149 725
150 726
151 727
152 728
153 729
154 730
155 731
156 732
157 733
158 734
159 735
160 736
161 737
162 738
163 739
164 740
165 741
166 742
167 743
168 744
169 745
170 746
171 747
172 748
173 749
174 750
175 751
176 752
177 753
178 754
179 755
180 756
181 757
182 758
183 759
184 760
185 761
186 762
187 763
188 764
189 765
190 766
191 767
192 768
193 769
194 770
195 771
196 772
197 773
198 774
199 775
200 776
201 777
202 778
203 779
204 780
205 781
206 782
207 783
208 784
209 785
210 786
211 787
212 788
213 789
214 790
215 791
216 792
217 793
218 794
219 795
220 796
221 797
222 798
223 799
224 800
225 801
226 802
227 803
228 804
229 805
230 806
231 807
232 808
233 809
234 810
235 811
236 812
237 813
238 814
239 815
240 816
241 817
242 818
243 819
244 820
245 821
246 822
247 823
248 824
249 825
250 826
251 827
252 828
253 829
254 830
255 831
256 832
257 833
258 834
259 835
260 836
261 837
262 838
263 839
264 840
265 841
266 842
267 843
268 844
269 845
270 846
271 847
272 848
273 849
274 850
275 851
276 852
277 853
278 854
279 855
280 856
281 857
282 858
283 859
284 860
285 861
286 862
287 863
