0 4608
1 4609
2 4610
3 4611
4 4612
5 4613
6 4614
7 4615
8 4616
9 4617
10 4618
11 4619
12 4620
13 4621
14 4622
15 4623
16 4624
17 4625
18 4626
19 4627
20 4628
21 4629
22 4630
23 4631
24 4632
25 4633
26 4634
27 4635
28 4636
29 4637
30 4638
31 4639
32 4640
33 4641
34 4642
35 4643
36 4644
37 4645
38 4646
39 4647
40 4648
41 4649
42 4650
43 4651
44 4652
45 4653
46 4654
47 4655
48 4656
49 4657
50 4658
51 4659
52 4660
53 4661
54 4662
55 4663
56 4664
57 4665
58 4666
59 4667
60 4668
61 4669
62 4670
63 4671
64 4672
65 4673
66 4674
67 4675
68 4676
69 4677
70 4678
71 4679
72 4680
73 4681
74 4682
75 4683
76 4684
77 4685
78 4686
79 4687
80 4688
81 4689
82 4690
83 4691
84 4692
85 4693
86 4694
87 4695
88 4696
89 4697
90 4698
91 4699
92 4700
93 4701
94 4702
95 4703
96 4704
97 4705
98 4706
99 4707
100 4708
101 4709
102 4710
103 4711
104 4712
105 4713
106 4714
107 4715
108 4716
109 4717
110 4718
111 4719
112 4720
113 4721
114 4722
115 4723
116 4724
117 4725
118 4726
119 4727
120 4728
121 4729
122 4730
123 4731
124 4732
125 4733
126 4734
127 4735
128 4736
129 4737
130 4738
131 4739
132 4740
133 4741
134 4742
135 4743
136 4744
137 4745
138 4746
139 4747
140 4748
141 4749
142 4750
143 4751
144 4752
145 4753
146 4754
147 4755
148 4756
149 4757
150 4758
151 4759
152 4760
153 4761
154 4762
155 4763
156 4764
157 4765
158 4766
159 4767
160 4768
161 4769
162 4770
163 4771
164 4772
165 4773
166 4774
167 4775
168 4776
169 4777
170 4778
171 4779
172 4780
173 4781
174 4782
175 4783
176 4784
177 4785
178 4786
179 4787
180 4788
181 4789
182 4790
183 4791
184 4792
185 4793
186 4794
187 4795
188 4796
189 4797
190 4798
191 4799
192 4800
193 4801
194 4802
195 4803
196 4804
197 4805
198 4806
199 4807
200 4808
201 4809
202 4810
203 4811
204 4812
205 4813
206 4814
207 4815
208 4816
209 4817
210 4818
211 4819
212 4820
213 4821
214 4822
215 4823
216 4824
217 4825
218 4826
219 4827
220 4828
221 4829
222 4830
223 4831
224 4832
225 4833
226 4834
227 4835
228 4836
229 4837
230 4838
231 4839
232 4840
233 4841
234 4842
235 4843
236 4844
237 4845
238 4846
239 4847
240 4848
241 4849
242 4850
243 4851
244 4852
245 4853
246 4854
247 4855
248 4856
249 4857
250 4858
251 4859
252 4860
253 4861
254 4862
255 4863
256 4864
257 4865
258 4866
259 4867
260 4868
261 4869
262 4870
263 4871
264 4872
265 4873
266 4874
267 4875
268 4876
269 4877
270 4878
271 4879
272 4880
273 4881
274 4882
275 4883
276 4884
277 4885
278 4886
279 4887
280 4888
281 4889
282 4890
283 4891
284 4892
285 4893
286 4894
287 4895
