0 7488
1 7489
2 7490
3 7491
4 7492
5 7493
6 7494
7 7495
8 7496
9 7497
10 7498
11 7499
12 7500
13 7501
14 7502
15 7503
16 7504
17 7505
18 7506
19 7507
20 7508
21 7509
22 7510
23 7511
24 7512
25 7513
26 7514
27 7515
28 7516
29 7517
30 7518
31 7519
32 7520
33 7521
34 7522
35 7523
36 7524
37 7525
38 7526
39 7527
40 7528
41 7529
42 7530
43 7531
44 7532
45 7533
46 7534
47 7535
48 7536
49 7537
50 7538
51 7539
52 7540
53 7541
54 7542
55 7543
56 7544
57 7545
58 7546
59 7547
60 7548
61 7549
62 7550
63 7551
64 7552
65 7553
66 7554
67 7555
68 7556
69 7557
70 7558
71 7559
72 7560
73 7561
74 7562
75 7563
76 7564
77 7565
78 7566
79 7567
80 7568
81 7569
82 7570
83 7571
84 7572
85 7573
86 7574
87 7575
88 7576
89 7577
90 7578
91 7579
92 7580
93 7581
94 7582
95 7583
96 7584
97 7585
98 7586
99 7587
100 7588
101 7589
102 7590
103 7591
104 7592
105 7593
106 7594
107 7595
108 7596
109 7597
110 7598
111 7599
112 7600
113 7601
114 7602
115 7603
116 7604
117 7605
118 7606
119 7607
120 7608
121 7609
122 7610
123 7611
124 7612
125 7613
126 7614
127 7615
128 7616
129 7617
130 7618
131 7619
132 7620
133 7621
134 7622
135 7623
136 7624
137 7625
138 7626
139 7627
140 7628
141 7629
142 7630
143 7631
144 7632
145 7633
146 7634
147 7635
148 7636
149 7637
150 7638
151 7639
152 7640
153 7641
154 7642
155 7643
156 7644
157 7645
158 7646
159 7647
160 7648
161 7649
162 7650
163 7651
164 7652
165 7653
166 7654
167 7655
168 7656
169 7657
170 7658
171 7659
172 7660
173 7661
174 7662
175 7663
176 7664
177 7665
178 7666
179 7667
180 7668
181 7669
182 7670
183 7671
184 7672
185 7673
186 7674
187 7675
188 7676
189 7677
190 7678
191 7679
192 7680
193 7681
194 7682
195 7683
196 7684
197 7685
198 7686
199 7687
200 7688
201 7689
202 7690
203 7691
204 7692
205 7693
206 7694
207 7695
208 7696
209 7697
210 7698
211 7699
212 7700
213 7701
214 7702
215 7703
216 7704
217 7705
218 7706
219 7707
220 7708
221 7709
222 7710
223 7711
224 7712
225 7713
226 7714
227 7715
228 7716
229 7717
230 7718
231 7719
232 7720
233 7721
234 7722
235 7723
236 7724
237 7725
238 7726
239 7727
240 7728
241 7729
242 7730
243 7731
244 7732
245 7733
246 7734
247 7735
248 7736
249 7737
250 7738
251 7739
252 7740
253 7741
254 7742
255 7743
256 7744
257 7745
258 7746
259 7747
260 7748
261 7749
262 7750
263 7751
264 7752
265 7753
266 7754
267 7755
268 7756
269 7757
270 7758
271 7759
272 7760
273 7761
274 7762
275 7763
276 7764
277 7765
278 7766
279 7767
280 7768
281 7769
282 7770
283 7771
284 7772
285 7773
286 7774
287 7775
