0 9216
1 9217
2 9218
3 9219
4 9220
5 9221
6 9222
7 9223
8 9224
9 9225
10 9226
11 9227
12 9228
13 9229
14 9230
15 9231
16 9232
17 9233
18 9234
19 9235
20 9236
21 9237
22 9238
23 9239
24 9240
25 9241
26 9242
27 9243
28 9244
29 9245
30 9246
31 9247
32 9248
33 9249
34 9250
35 9251
36 9252
37 9253
38 9254
39 9255
40 9256
41 9257
42 9258
43 9259
44 9260
45 9261
46 9262
47 9263
48 9264
49 9265
50 9266
51 9267
52 9268
53 9269
54 9270
55 9271
56 9272
57 9273
58 9274
59 9275
60 9276
61 9277
62 9278
63 9279
64 9280
65 9281
66 9282
67 9283
68 9284
69 9285
70 9286
71 9287
72 9288
73 9289
74 9290
75 9291
76 9292
77 9293
78 9294
79 9295
80 9296
81 9297
82 9298
83 9299
84 9300
85 9301
86 9302
87 9303
88 9304
89 9305
90 9306
91 9307
92 9308
93 9309
94 9310
95 9311
96 9312
97 9313
98 9314
99 9315
100 9316
101 9317
102 9318
103 9319
104 9320
105 9321
106 9322
107 9323
108 9324
109 9325
110 9326
111 9327
112 9328
113 9329
114 9330
115 9331
116 9332
117 9333
118 9334
119 9335
120 9336
121 9337
122 9338
123 9339
124 9340
125 9341
126 9342
127 9343
128 9344
129 9345
130 9346
131 9347
132 9348
133 9349
134 9350
135 9351
136 9352
137 9353
138 9354
139 9355
140 9356
141 9357
142 9358
143 9359
144 9360
145 9361
146 9362
147 9363
148 9364
149 9365
150 9366
151 9367
152 9368
153 9369
154 9370
155 9371
156 9372
157 9373
158 9374
159 9375
160 9376
161 9377
162 9378
163 9379
164 9380
165 9381
166 9382
167 9383
168 9384
169 9385
170 9386
171 9387
172 9388
173 9389
174 9390
175 9391
176 9392
177 9393
178 9394
179 9395
180 9396
181 9397
182 9398
183 9399
184 9400
185 9401
186 9402
187 9403
188 9404
189 9405
190 9406
191 9407
192 9408
193 9409
194 9410
195 9411
196 9412
197 9413
198 9414
199 9415
200 9416
201 9417
202 9418
203 9419
204 9420
205 9421
206 9422
207 9423
208 9424
209 9425
210 9426
211 9427
212 9428
213 9429
214 9430
215 9431
216 9432
217 9433
218 9434
219 9435
220 9436
221 9437
222 9438
223 9439
224 9440
225 9441
226 9442
227 9443
228 9444
229 9445
230 9446
231 9447
232 9448
233 9449
234 9450
235 9451
236 9452
237 9453
238 9454
239 9455
240 9456
241 9457
242 9458
243 9459
244 9460
245 9461
246 9462
247 9463
248 9464
249 9465
250 9466
251 9467
252 9468
253 9469
254 9470
255 9471
256 9472
257 9473
258 9474
259 9475
260 9476
261 9477
262 9478
263 9479
264 9480
265 9481
266 9482
267 9483
268 9484
269 9485
270 9486
271 9487
272 9488
273 9489
274 9490
275 9491
276 9492
277 9493
278 9494
279 9495
280 9496
281 9497
282 9498
283 9499
284 9500
285 9501
286 9502
287 9503
