0 1440
1 1441
2 1442
3 1443
4 1444
5 1445
6 1446
7 1447
8 1448
9 1449
10 1450
11 1451
12 1452
13 1453
14 1454
15 1455
16 1456
17 1457
18 1458
19 1459
20 1460
21 1461
22 1462
23 1463
24 1464
25 1465
26 1466
27 1467
28 1468
29 1469
30 1470
31 1471
32 1472
33 1473
34 1474
35 1475
36 1476
37 1477
38 1478
39 1479
40 1480
41 1481
42 1482
43 1483
44 1484
45 1485
46 1486
47 1487
48 1488
49 1489
50 1490
51 1491
52 1492
53 1493
54 1494
55 1495
56 1496
57 1497
58 1498
59 1499
60 1500
61 1501
62 1502
63 1503
64 1504
65 1505
66 1506
67 1507
68 1508
69 1509
70 1510
71 1511
72 1512
73 1513
74 1514
75 1515
76 1516
77 1517
78 1518
79 1519
80 1520
81 1521
82 1522
83 1523
84 1524
85 1525
86 1526
87 1527
88 1528
89 1529
90 1530
91 1531
92 1532
93 1533
94 1534
95 1535
96 1536
97 1537
98 1538
99 1539
100 1540
101 1541
102 1542
103 1543
104 1544
105 1545
106 1546
107 1547
108 1548
109 1549
110 1550
111 1551
112 1552
113 1553
114 1554
115 1555
116 1556
117 1557
118 1558
119 1559
120 1560
121 1561
122 1562
123 1563
124 1564
125 1565
126 1566
127 1567
128 1568
129 1569
130 1570
131 1571
132 1572
133 1573
134 1574
135 1575
136 1576
137 1577
138 1578
139 1579
140 1580
141 1581
142 1582
143 1583
144 1584
145 1585
146 1586
147 1587
148 1588
149 1589
150 1590
151 1591
152 1592
153 1593
154 1594
155 1595
156 1596
157 1597
158 1598
159 1599
160 1600
161 1601
162 1602
163 1603
164 1604
165 1605
166 1606
167 1607
168 1608
169 1609
170 1610
171 1611
172 1612
173 1613
174 1614
175 1615
176 1616
177 1617
178 1618
179 1619
180 1620
181 1621
182 1622
183 1623
184 1624
185 1625
186 1626
187 1627
188 1628
189 1629
190 1630
191 1631
192 1632
193 1633
194 1634
195 1635
196 1636
197 1637
198 1638
199 1639
200 1640
201 1641
202 1642
203 1643
204 1644
205 1645
206 1646
207 1647
208 1648
209 1649
210 1650
211 1651
212 1652
213 1653
214 1654
215 1655
216 1656
217 1657
218 1658
219 1659
220 1660
221 1661
222 1662
223 1663
224 1664
225 1665
226 1666
227 1667
228 1668
229 1669
230 1670
231 1671
232 1672
233 1673
234 1674
235 1675
236 1676
237 1677
238 1678
239 1679
240 1680
241 1681
242 1682
243 1683
244 1684
245 1685
246 1686
247 1687
248 1688
249 1689
250 1690
251 1691
252 1692
253 1693
254 1694
255 1695
256 1696
257 1697
258 1698
259 1699
260 1700
261 1701
262 1702
263 1703
264 1704
265 1705
266 1706
267 1707
268 1708
269 1709
270 1710
271 1711
272 1712
273 1713
274 1714
275 1715
276 1716
277 1717
278 1718
279 1719
280 1720
281 1721
282 1722
283 1723
284 1724
285 1725
286 1726
287 1727
