0 15552
1 15553
2 15554
3 15555
4 15556
5 15557
6 15558
7 15559
8 15560
9 15561
10 15562
11 15563
12 15564
13 15565
14 15566
15 15567
16 15568
17 15569
18 15570
19 15571
20 15572
21 15573
22 15574
23 15575
24 15576
25 15577
26 15578
27 15579
28 15580
29 15581
30 15582
31 15583
32 15584
33 15585
34 15586
35 15587
36 15588
37 15589
38 15590
39 15591
40 15592
41 15593
42 15594
43 15595
44 15596
45 15597
46 15598
47 15599
48 15600
49 15601
50 15602
51 15603
52 15604
53 15605
54 15606
55 15607
56 15608
57 15609
58 15610
59 15611
60 15612
61 15613
62 15614
63 15615
64 15616
65 15617
66 15618
67 15619
68 15620
69 15621
70 15622
71 15623
72 15624
73 15625
74 15626
75 15627
76 15628
77 15629
78 15630
79 15631
80 15632
81 15633
82 15634
83 15635
84 15636
85 15637
86 15638
87 15639
88 15640
89 15641
90 15642
91 15643
92 15644
93 15645
94 15646
95 15647
96 15648
97 15649
98 15650
99 15651
100 15652
101 15653
102 15654
103 15655
104 15656
105 15657
106 15658
107 15659
108 15660
109 15661
110 15662
111 15663
112 15664
113 15665
114 15666
115 15667
116 15668
117 15669
118 15670
119 15671
120 15672
121 15673
122 15674
123 15675
124 15676
125 15677
126 15678
127 15679
128 15680
129 15681
130 15682
131 15683
132 15684
133 15685
134 15686
135 15687
136 15688
137 15689
138 15690
139 15691
140 15692
141 15693
142 15694
143 15695
144 15696
145 15697
146 15698
147 15699
148 15700
149 15701
150 15702
151 15703
152 15704
153 15705
154 15706
155 15707
156 15708
157 15709
158 15710
159 15711
160 15712
161 15713
162 15714
163 15715
164 15716
165 15717
166 15718
167 15719
168 15720
169 15721
170 15722
171 15723
172 15724
173 15725
174 15726
175 15727
176 15728
177 15729
178 15730
179 15731
180 15732
181 15733
182 15734
183 15735
184 15736
185 15737
186 15738
187 15739
188 15740
189 15741
190 15742
191 15743
192 15744
193 15745
194 15746
195 15747
196 15748
197 15749
198 15750
199 15751
200 15752
201 15753
202 15754
203 15755
204 15756
205 15757
206 15758
207 15759
208 15760
209 15761
210 15762
211 15763
212 15764
213 15765
214 15766
215 15767
216 15768
217 15769
218 15770
219 15771
220 15772
221 15773
222 15774
223 15775
224 15776
225 15777
226 15778
227 15779
228 15780
229 15781
230 15782
231 15783
232 15784
233 15785
234 15786
235 15787
236 15788
237 15789
238 15790
239 15791
240 15792
241 15793
242 15794
243 15795
244 15796
245 15797
246 15798
247 15799
248 15800
249 15801
250 15802
251 15803
252 15804
253 15805
254 15806
255 15807
256 15808
257 15809
258 15810
259 15811
260 15812
261 15813
262 15814
263 15815
264 15816
265 15817
266 15818
267 15819
268 15820
269 15821
270 15822
271 15823
272 15824
273 15825
274 15826
275 15827
276 15828
277 15829
278 15830
279 15831
280 15832
281 15833
282 15834
283 15835
284 15836
285 15837
286 15838
287 15839
