0 11520
1 11521
2 11522
3 11523
4 11524
5 11525
6 11526
7 11527
8 11528
9 11529
10 11530
11 11531
12 11532
13 11533
14 11534
15 11535
16 11536
17 11537
18 11538
19 11539
20 11540
21 11541
22 11542
23 11543
24 11544
25 11545
26 11546
27 11547
28 11548
29 11549
30 11550
31 11551
32 11552
33 11553
34 11554
35 11555
36 11556
37 11557
38 11558
39 11559
40 11560
41 11561
42 11562
43 11563
44 11564
45 11565
46 11566
47 11567
48 11568
49 11569
50 11570
51 11571
52 11572
53 11573
54 11574
55 11575
56 11576
57 11577
58 11578
59 11579
60 11580
61 11581
62 11582
63 11583
64 11584
65 11585
66 11586
67 11587
68 11588
69 11589
70 11590
71 11591
72 11592
73 11593
74 11594
75 11595
76 11596
77 11597
78 11598
79 11599
80 11600
81 11601
82 11602
83 11603
84 11604
85 11605
86 11606
87 11607
88 11608
89 11609
90 11610
91 11611
92 11612
93 11613
94 11614
95 11615
96 11616
97 11617
98 11618
99 11619
100 11620
101 11621
102 11622
103 11623
104 11624
105 11625
106 11626
107 11627
108 11628
109 11629
110 11630
111 11631
112 11632
113 11633
114 11634
115 11635
116 11636
117 11637
118 11638
119 11639
120 11640
121 11641
122 11642
123 11643
124 11644
125 11645
126 11646
127 11647
128 11648
129 11649
130 11650
131 11651
132 11652
133 11653
134 11654
135 11655
136 11656
137 11657
138 11658
139 11659
140 11660
141 11661
142 11662
143 11663
144 11664
145 11665
146 11666
147 11667
148 11668
149 11669
150 11670
151 11671
152 11672
153 11673
154 11674
155 11675
156 11676
157 11677
158 11678
159 11679
160 11680
161 11681
162 11682
163 11683
164 11684
165 11685
166 11686
167 11687
168 11688
169 11689
170 11690
171 11691
172 11692
173 11693
174 11694
175 11695
176 11696
177 11697
178 11698
179 11699
180 11700
181 11701
182 11702
183 11703
184 11704
185 11705
186 11706
187 11707
188 11708
189 11709
190 11710
191 11711
192 11712
193 11713
194 11714
195 11715
196 11716
197 11717
198 11718
199 11719
200 11720
201 11721
202 11722
203 11723
204 11724
205 11725
206 11726
207 11727
208 11728
209 11729
210 11730
211 11731
212 11732
213 11733
214 11734
215 11735
216 11736
217 11737
218 11738
219 11739
220 11740
221 11741
222 11742
223 11743
224 11744
225 11745
226 11746
227 11747
228 11748
229 11749
230 11750
231 11751
232 11752
233 11753
234 11754
235 11755
236 11756
237 11757
238 11758
239 11759
240 11760
241 11761
242 11762
243 11763
244 11764
245 11765
246 11766
247 11767
248 11768
249 11769
250 11770
251 11771
252 11772
253 11773
254 11774
255 11775
256 11776
257 11777
258 11778
259 11779
260 11780
261 11781
262 11782
263 11783
264 11784
265 11785
266 11786
267 11787
268 11788
269 11789
270 11790
271 11791
272 11792
273 11793
274 11794
275 11795
276 11796
277 11797
278 11798
279 11799
280 11800
281 11801
282 11802
283 11803
284 11804
285 11805
286 11806
287 11807
