0 13248
1 13249
2 13250
3 13251
4 13252
5 13253
6 13254
7 13255
8 13256
9 13257
10 13258
11 13259
12 13260
13 13261
14 13262
15 13263
16 13264
17 13265
18 13266
19 13267
20 13268
21 13269
22 13270
23 13271
24 13272
25 13273
26 13274
27 13275
28 13276
29 13277
30 13278
31 13279
32 13280
33 13281
34 13282
35 13283
36 13284
37 13285
38 13286
39 13287
40 13288
41 13289
42 13290
43 13291
44 13292
45 13293
46 13294
47 13295
48 13296
49 13297
50 13298
51 13299
52 13300
53 13301
54 13302
55 13303
56 13304
57 13305
58 13306
59 13307
60 13308
61 13309
62 13310
63 13311
64 13312
65 13313
66 13314
67 13315
68 13316
69 13317
70 13318
71 13319
72 13320
73 13321
74 13322
75 13323
76 13324
77 13325
78 13326
79 13327
80 13328
81 13329
82 13330
83 13331
84 13332
85 13333
86 13334
87 13335
88 13336
89 13337
90 13338
91 13339
92 13340
93 13341
94 13342
95 13343
96 13344
97 13345
98 13346
99 13347
100 13348
101 13349
102 13350
103 13351
104 13352
105 13353
106 13354
107 13355
108 13356
109 13357
110 13358
111 13359
112 13360
113 13361
114 13362
115 13363
116 13364
117 13365
118 13366
119 13367
120 13368
121 13369
122 13370
123 13371
124 13372
125 13373
126 13374
127 13375
128 13376
129 13377
130 13378
131 13379
132 13380
133 13381
134 13382
135 13383
136 13384
137 13385
138 13386
139 13387
140 13388
141 13389
142 13390
143 13391
144 13392
145 13393
146 13394
147 13395
148 13396
149 13397
150 13398
151 13399
152 13400
153 13401
154 13402
155 13403
156 13404
157 13405
158 13406
159 13407
160 13408
161 13409
162 13410
163 13411
164 13412
165 13413
166 13414
167 13415
168 13416
169 13417
170 13418
171 13419
172 13420
173 13421
174 13422
175 13423
176 13424
177 13425
178 13426
179 13427
180 13428
181 13429
182 13430
183 13431
184 13432
185 13433
186 13434
187 13435
188 13436
189 13437
190 13438
191 13439
192 13440
193 13441
194 13442
195 13443
196 13444
197 13445
198 13446
199 13447
200 13448
201 13449
202 13450
203 13451
204 13452
205 13453
206 13454
207 13455
208 13456
209 13457
210 13458
211 13459
212 13460
213 13461
214 13462
215 13463
216 13464
217 13465
218 13466
219 13467
220 13468
221 13469
222 13470
223 13471
224 13472
225 13473
226 13474
227 13475
228 13476
229 13477
230 13478
231 13479
232 13480
233 13481
234 13482
235 13483
236 13484
237 13485
238 13486
239 13487
240 13488
241 13489
242 13490
243 13491
244 13492
245 13493
246 13494
247 13495
248 13496
249 13497
250 13498
251 13499
252 13500
253 13501
254 13502
255 13503
256 13504
257 13505
258 13506
259 13507
260 13508
261 13509
262 13510
263 13511
264 13512
265 13513
266 13514
267 13515
268 13516
269 13517
270 13518
271 13519
272 13520
273 13521
274 13522
275 13523
276 13524
277 13525
278 13526
279 13527
280 13528
281 13529
282 13530
283 13531
284 13532
285 13533
286 13534
287 13535
