0 6912
1 6913
2 6914
3 6915
4 6916
5 6917
6 6918
7 6919
8 6920
9 6921
10 6922
11 6923
12 6924
13 6925
14 6926
15 6927
16 6928
17 6929
18 6930
19 6931
20 6932
21 6933
22 6934
23 6935
24 6936
25 6937
26 6938
27 6939
28 6940
29 6941
30 6942
31 6943
32 6944
33 6945
34 6946
35 6947
36 6948
37 6949
38 6950
39 6951
40 6952
41 6953
42 6954
43 6955
44 6956
45 6957
46 6958
47 6959
48 6960
49 6961
50 6962
51 6963
52 6964
53 6965
54 6966
55 6967
56 6968
57 6969
58 6970
59 6971
60 6972
61 6973
62 6974
63 6975
64 6976
65 6977
66 6978
67 6979
68 6980
69 6981
70 6982
71 6983
72 6984
73 6985
74 6986
75 6987
76 6988
77 6989
78 6990
79 6991
80 6992
81 6993
82 6994
83 6995
84 6996
85 6997
86 6998
87 6999
88 7000
89 7001
90 7002
91 7003
92 7004
93 7005
94 7006
95 7007
96 7008
97 7009
98 7010
99 7011
100 7012
101 7013
102 7014
103 7015
104 7016
105 7017
106 7018
107 7019
108 7020
109 7021
110 7022
111 7023
112 7024
113 7025
114 7026
115 7027
116 7028
117 7029
118 7030
119 7031
120 7032
121 7033
122 7034
123 7035
124 7036
125 7037
126 7038
127 7039
128 7040
129 7041
130 7042
131 7043
132 7044
133 7045
134 7046
135 7047
136 7048
137 7049
138 7050
139 7051
140 7052
141 7053
142 7054
143 7055
144 7056
145 7057
146 7058
147 7059
148 7060
149 7061
150 7062
151 7063
152 7064
153 7065
154 7066
155 7067
156 7068
157 7069
158 7070
159 7071
160 7072
161 7073
162 7074
163 7075
164 7076
165 7077
166 7078
167 7079
168 7080
169 7081
170 7082
171 7083
172 7084
173 7085
174 7086
175 7087
176 7088
177 7089
178 7090
179 7091
180 7092
181 7093
182 7094
183 7095
184 7096
185 7097
186 7098
187 7099
188 7100
189 7101
190 7102
191 7103
192 7104
193 7105
194 7106
195 7107
196 7108
197 7109
198 7110
199 7111
200 7112
201 7113
202 7114
203 7115
204 7116
205 7117
206 7118
207 7119
208 7120
209 7121
210 7122
211 7123
212 7124
213 7125
214 7126
215 7127
216 7128
217 7129
218 7130
219 7131
220 7132
221 7133
222 7134
223 7135
224 7136
225 7137
226 7138
227 7139
228 7140
229 7141
230 7142
231 7143
232 7144
233 7145
234 7146
235 7147
236 7148
237 7149
238 7150
239 7151
240 7152
241 7153
242 7154
243 7155
244 7156
245 7157
246 7158
247 7159
248 7160
249 7161
250 7162
251 7163
252 7164
253 7165
254 7166
255 7167
256 7168
257 7169
258 7170
259 7171
260 7172
261 7173
262 7174
263 7175
264 7176
265 7177
266 7178
267 7179
268 7180
269 7181
270 7182
271 7183
272 7184
273 7185
274 7186
275 7187
276 7188
277 7189
278 7190
279 7191
280 7192
281 7193
282 7194
283 7195
284 7196
285 7197
286 7198
287 7199
