0 12672
1 12673
2 12674
3 12675
4 12676
5 12677
6 12678
7 12679
8 12680
9 12681
10 12682
11 12683
12 12684
13 12685
14 12686
15 12687
16 12688
17 12689
18 12690
19 12691
20 12692
21 12693
22 12694
23 12695
24 12696
25 12697
26 12698
27 12699
28 12700
29 12701
30 12702
31 12703
32 12704
33 12705
34 12706
35 12707
36 12708
37 12709
38 12710
39 12711
40 12712
41 12713
42 12714
43 12715
44 12716
45 12717
46 12718
47 12719
48 12720
49 12721
50 12722
51 12723
52 12724
53 12725
54 12726
55 12727
56 12728
57 12729
58 12730
59 12731
60 12732
61 12733
62 12734
63 12735
64 12736
65 12737
66 12738
67 12739
68 12740
69 12741
70 12742
71 12743
72 12744
73 12745
74 12746
75 12747
76 12748
77 12749
78 12750
79 12751
80 12752
81 12753
82 12754
83 12755
84 12756
85 12757
86 12758
87 12759
88 12760
89 12761
90 12762
91 12763
92 12764
93 12765
94 12766
95 12767
96 12768
97 12769
98 12770
99 12771
100 12772
101 12773
102 12774
103 12775
104 12776
105 12777
106 12778
107 12779
108 12780
109 12781
110 12782
111 12783
112 12784
113 12785
114 12786
115 12787
116 12788
117 12789
118 12790
119 12791
120 12792
121 12793
122 12794
123 12795
124 12796
125 12797
126 12798
127 12799
128 12800
129 12801
130 12802
131 12803
132 12804
133 12805
134 12806
135 12807
136 12808
137 12809
138 12810
139 12811
140 12812
141 12813
142 12814
143 12815
144 12816
145 12817
146 12818
147 12819
148 12820
149 12821
150 12822
151 12823
152 12824
153 12825
154 12826
155 12827
156 12828
157 12829
158 12830
159 12831
160 12832
161 12833
162 12834
163 12835
164 12836
165 12837
166 12838
167 12839
168 12840
169 12841
170 12842
171 12843
172 12844
173 12845
174 12846
175 12847
176 12848
177 12849
178 12850
179 12851
180 12852
181 12853
182 12854
183 12855
184 12856
185 12857
186 12858
187 12859
188 12860
189 12861
190 12862
191 12863
192 12864
193 12865
194 12866
195 12867
196 12868
197 12869
198 12870
199 12871
200 12872
201 12873
202 12874
203 12875
204 12876
205 12877
206 12878
207 12879
208 12880
209 12881
210 12882
211 12883
212 12884
213 12885
214 12886
215 12887
216 12888
217 12889
218 12890
219 12891
220 12892
221 12893
222 12894
223 12895
224 12896
225 12897
226 12898
227 12899
228 12900
229 12901
230 12902
231 12903
232 12904
233 12905
234 12906
235 12907
236 12908
237 12909
238 12910
239 12911
240 12912
241 12913
242 12914
243 12915
244 12916
245 12917
246 12918
247 12919
248 12920
249 12921
250 12922
251 12923
252 12924
253 12925
254 12926
255 12927
256 12928
257 12929
258 12930
259 12931
260 12932
261 12933
262 12934
263 12935
264 12936
265 12937
266 12938
267 12939
268 12940
269 12941
270 12942
271 12943
272 12944
273 12945
274 12946
275 12947
276 12948
277 12949
278 12950
279 12951
280 12952
281 12953
282 12954
283 12955
284 12956
285 12957
286 12958
287 12959
