0 12384
1 12385
2 12386
3 12387
4 12388
5 12389
6 12390
7 12391
8 12392
9 12393
10 12394
11 12395
12 12396
13 12397
14 12398
15 12399
16 12400
17 12401
18 12402
19 12403
20 12404
21 12405
22 12406
23 12407
24 12408
25 12409
26 12410
27 12411
28 12412
29 12413
30 12414
31 12415
32 12416
33 12417
34 12418
35 12419
36 12420
37 12421
38 12422
39 12423
40 12424
41 12425
42 12426
43 12427
44 12428
45 12429
46 12430
47 12431
48 12432
49 12433
50 12434
51 12435
52 12436
53 12437
54 12438
55 12439
56 12440
57 12441
58 12442
59 12443
60 12444
61 12445
62 12446
63 12447
64 12448
65 12449
66 12450
67 12451
68 12452
69 12453
70 12454
71 12455
72 12456
73 12457
74 12458
75 12459
76 12460
77 12461
78 12462
79 12463
80 12464
81 12465
82 12466
83 12467
84 12468
85 12469
86 12470
87 12471
88 12472
89 12473
90 12474
91 12475
92 12476
93 12477
94 12478
95 12479
96 12480
97 12481
98 12482
99 12483
100 12484
101 12485
102 12486
103 12487
104 12488
105 12489
106 12490
107 12491
108 12492
109 12493
110 12494
111 12495
112 12496
113 12497
114 12498
115 12499
116 12500
117 12501
118 12502
119 12503
120 12504
121 12505
122 12506
123 12507
124 12508
125 12509
126 12510
127 12511
128 12512
129 12513
130 12514
131 12515
132 12516
133 12517
134 12518
135 12519
136 12520
137 12521
138 12522
139 12523
140 12524
141 12525
142 12526
143 12527
144 12528
145 12529
146 12530
147 12531
148 12532
149 12533
150 12534
151 12535
152 12536
153 12537
154 12538
155 12539
156 12540
157 12541
158 12542
159 12543
160 12544
161 12545
162 12546
163 12547
164 12548
165 12549
166 12550
167 12551
168 12552
169 12553
170 12554
171 12555
172 12556
173 12557
174 12558
175 12559
176 12560
177 12561
178 12562
179 12563
180 12564
181 12565
182 12566
183 12567
184 12568
185 12569
186 12570
187 12571
188 12572
189 12573
190 12574
191 12575
192 12576
193 12577
194 12578
195 12579
196 12580
197 12581
198 12582
199 12583
200 12584
201 12585
202 12586
203 12587
204 12588
205 12589
206 12590
207 12591
208 12592
209 12593
210 12594
211 12595
212 12596
213 12597
214 12598
215 12599
216 12600
217 12601
218 12602
219 12603
220 12604
221 12605
222 12606
223 12607
224 12608
225 12609
226 12610
227 12611
228 12612
229 12613
230 12614
231 12615
232 12616
233 12617
234 12618
235 12619
236 12620
237 12621
238 12622
239 12623
240 12624
241 12625
242 12626
243 12627
244 12628
245 12629
246 12630
247 12631
248 12632
249 12633
250 12634
251 12635
252 12636
253 12637
254 12638
255 12639
256 12640
257 12641
258 12642
259 12643
260 12644
261 12645
262 12646
263 12647
264 12648
265 12649
266 12650
267 12651
268 12652
269 12653
270 12654
271 12655
272 12656
273 12657
274 12658
275 12659
276 12660
277 12661
278 12662
279 12663
280 12664
281 12665
282 12666
283 12667
284 12668
285 12669
286 12670
287 12671
