0 13824
1 13825
2 13826
3 13827
4 13828
5 13829
6 13830
7 13831
8 13832
9 13833
10 13834
11 13835
12 13836
13 13837
14 13838
15 13839
16 13840
17 13841
18 13842
19 13843
20 13844
21 13845
22 13846
23 13847
24 13848
25 13849
26 13850
27 13851
28 13852
29 13853
30 13854
31 13855
32 13856
33 13857
34 13858
35 13859
36 13860
37 13861
38 13862
39 13863
40 13864
41 13865
42 13866
43 13867
44 13868
45 13869
46 13870
47 13871
48 13872
49 13873
50 13874
51 13875
52 13876
53 13877
54 13878
55 13879
56 13880
57 13881
58 13882
59 13883
60 13884
61 13885
62 13886
63 13887
64 13888
65 13889
66 13890
67 13891
68 13892
69 13893
70 13894
71 13895
72 13896
73 13897
74 13898
75 13899
76 13900
77 13901
78 13902
79 13903
80 13904
81 13905
82 13906
83 13907
84 13908
85 13909
86 13910
87 13911
88 13912
89 13913
90 13914
91 13915
92 13916
93 13917
94 13918
95 13919
96 13920
97 13921
98 13922
99 13923
100 13924
101 13925
102 13926
103 13927
104 13928
105 13929
106 13930
107 13931
108 13932
109 13933
110 13934
111 13935
112 13936
113 13937
114 13938
115 13939
116 13940
117 13941
118 13942
119 13943
120 13944
121 13945
122 13946
123 13947
124 13948
125 13949
126 13950
127 13951
128 13952
129 13953
130 13954
131 13955
132 13956
133 13957
134 13958
135 13959
136 13960
137 13961
138 13962
139 13963
140 13964
141 13965
142 13966
143 13967
144 13968
145 13969
146 13970
147 13971
148 13972
149 13973
150 13974
151 13975
152 13976
153 13977
154 13978
155 13979
156 13980
157 13981
158 13982
159 13983
160 13984
161 13985
162 13986
163 13987
164 13988
165 13989
166 13990
167 13991
168 13992
169 13993
170 13994
171 13995
172 13996
173 13997
174 13998
175 13999
176 14000
177 14001
178 14002
179 14003
180 14004
181 14005
182 14006
183 14007
184 14008
185 14009
186 14010
187 14011
188 14012
189 14013
190 14014
191 14015
192 14016
193 14017
194 14018
195 14019
196 14020
197 14021
198 14022
199 14023
200 14024
201 14025
202 14026
203 14027
204 14028
205 14029
206 14030
207 14031
208 14032
209 14033
210 14034
211 14035
212 14036
213 14037
214 14038
215 14039
216 14040
217 14041
218 14042
219 14043
220 14044
221 14045
222 14046
223 14047
224 14048
225 14049
226 14050
227 14051
228 14052
229 14053
230 14054
231 14055
232 14056
233 14057
234 14058
235 14059
236 14060
237 14061
238 14062
239 14063
240 14064
241 14065
242 14066
243 14067
244 14068
245 14069
246 14070
247 14071
248 14072
249 14073
250 14074
251 14075
252 14076
253 14077
254 14078
255 14079
256 14080
257 14081
258 14082
259 14083
260 14084
261 14085
262 14086
263 14087
264 14088
265 14089
266 14090
267 14091
268 14092
269 14093
270 14094
271 14095
272 14096
273 14097
274 14098
275 14099
276 14100
277 14101
278 14102
279 14103
280 14104
281 14105
282 14106
283 14107
284 14108
285 14109
286 14110
287 14111
