0 5760
1 5761
2 5762
3 5763
4 5764
5 5765
6 5766
7 5767
8 5768
9 5769
10 5770
11 5771
12 5772
13 5773
14 5774
15 5775
16 5776
17 5777
18 5778
19 5779
20 5780
21 5781
22 5782
23 5783
24 5784
25 5785
26 5786
27 5787
28 5788
29 5789
30 5790
31 5791
32 5792
33 5793
34 5794
35 5795
36 5796
37 5797
38 5798
39 5799
40 5800
41 5801
42 5802
43 5803
44 5804
45 5805
46 5806
47 5807
48 5808
49 5809
50 5810
51 5811
52 5812
53 5813
54 5814
55 5815
56 5816
57 5817
58 5818
59 5819
60 5820
61 5821
62 5822
63 5823
64 5824
65 5825
66 5826
67 5827
68 5828
69 5829
70 5830
71 5831
72 5832
73 5833
74 5834
75 5835
76 5836
77 5837
78 5838
79 5839
80 5840
81 5841
82 5842
83 5843
84 5844
85 5845
86 5846
87 5847
88 5848
89 5849
90 5850
91 5851
92 5852
93 5853
94 5854
95 5855
96 5856
97 5857
98 5858
99 5859
100 5860
101 5861
102 5862
103 5863
104 5864
105 5865
106 5866
107 5867
108 5868
109 5869
110 5870
111 5871
112 5872
113 5873
114 5874
115 5875
116 5876
117 5877
118 5878
119 5879
120 5880
121 5881
122 5882
123 5883
124 5884
125 5885
126 5886
127 5887
128 5888
129 5889
130 5890
131 5891
132 5892
133 5893
134 5894
135 5895
136 5896
137 5897
138 5898
139 5899
140 5900
141 5901
142 5902
143 5903
144 5904
145 5905
146 5906
147 5907
148 5908
149 5909
150 5910
151 5911
152 5912
153 5913
154 5914
155 5915
156 5916
157 5917
158 5918
159 5919
160 5920
161 5921
162 5922
163 5923
164 5924
165 5925
166 5926
167 5927
168 5928
169 5929
170 5930
171 5931
172 5932
173 5933
174 5934
175 5935
176 5936
177 5937
178 5938
179 5939
180 5940
181 5941
182 5942
183 5943
184 5944
185 5945
186 5946
187 5947
188 5948
189 5949
190 5950
191 5951
192 5952
193 5953
194 5954
195 5955
196 5956
197 5957
198 5958
199 5959
200 5960
201 5961
202 5962
203 5963
204 5964
205 5965
206 5966
207 5967
208 5968
209 5969
210 5970
211 5971
212 5972
213 5973
214 5974
215 5975
216 5976
217 5977
218 5978
219 5979
220 5980
221 5981
222 5982
223 5983
224 5984
225 5985
226 5986
227 5987
228 5988
229 5989
230 5990
231 5991
232 5992
233 5993
234 5994
235 5995
236 5996
237 5997
238 5998
239 5999
240 6000
241 6001
242 6002
243 6003
244 6004
245 6005
246 6006
247 6007
248 6008
249 6009
250 6010
251 6011
252 6012
253 6013
254 6014
255 6015
256 6016
257 6017
258 6018
259 6019
260 6020
261 6021
262 6022
263 6023
264 6024
265 6025
266 6026
267 6027
268 6028
269 6029
270 6030
271 6031
272 6032
273 6033
274 6034
275 6035
276 6036
277 6037
278 6038
279 6039
280 6040
281 6041
282 6042
283 6043
284 6044
285 6045
286 6046
287 6047
