0 9504
1 9505
2 9506
3 9507
4 9508
5 9509
6 9510
7 9511
8 9512
9 9513
10 9514
11 9515
12 9516
13 9517
14 9518
15 9519
16 9520
17 9521
18 9522
19 9523
20 9524
21 9525
22 9526
23 9527
24 9528
25 9529
26 9530
27 9531
28 9532
29 9533
30 9534
31 9535
32 9536
33 9537
34 9538
35 9539
36 9540
37 9541
38 9542
39 9543
40 9544
41 9545
42 9546
43 9547
44 9548
45 9549
46 9550
47 9551
48 9552
49 9553
50 9554
51 9555
52 9556
53 9557
54 9558
55 9559
56 9560
57 9561
58 9562
59 9563
60 9564
61 9565
62 9566
63 9567
64 9568
65 9569
66 9570
67 9571
68 9572
69 9573
70 9574
71 9575
72 9576
73 9577
74 9578
75 9579
76 9580
77 9581
78 9582
79 9583
80 9584
81 9585
82 9586
83 9587
84 9588
85 9589
86 9590
87 9591
88 9592
89 9593
90 9594
91 9595
92 9596
93 9597
94 9598
95 9599
96 9600
97 9601
98 9602
99 9603
100 9604
101 9605
102 9606
103 9607
104 9608
105 9609
106 9610
107 9611
108 9612
109 9613
110 9614
111 9615
112 9616
113 9617
114 9618
115 9619
116 9620
117 9621
118 9622
119 9623
120 9624
121 9625
122 9626
123 9627
124 9628
125 9629
126 9630
127 9631
128 9632
129 9633
130 9634
131 9635
132 9636
133 9637
134 9638
135 9639
136 9640
137 9641
138 9642
139 9643
140 9644
141 9645
142 9646
143 9647
144 9648
145 9649
146 9650
147 9651
148 9652
149 9653
150 9654
151 9655
152 9656
153 9657
154 9658
155 9659
156 9660
157 9661
158 9662
159 9663
160 9664
161 9665
162 9666
163 9667
164 9668
165 9669
166 9670
167 9671
168 9672
169 9673
170 9674
171 9675
172 9676
173 9677
174 9678
175 9679
176 9680
177 9681
178 9682
179 9683
180 9684
181 9685
182 9686
183 9687
184 9688
185 9689
186 9690
187 9691
188 9692
189 9693
190 9694
191 9695
192 9696
193 9697
194 9698
195 9699
196 9700
197 9701
198 9702
199 9703
200 9704
201 9705
202 9706
203 9707
204 9708
205 9709
206 9710
207 9711
208 9712
209 9713
210 9714
211 9715
212 9716
213 9717
214 9718
215 9719
216 9720
217 9721
218 9722
219 9723
220 9724
221 9725
222 9726
223 9727
224 9728
225 9729
226 9730
227 9731
228 9732
229 9733
230 9734
231 9735
232 9736
233 9737
234 9738
235 9739
236 9740
237 9741
238 9742
239 9743
240 9744
241 9745
242 9746
243 9747
244 9748
245 9749
246 9750
247 9751
248 9752
249 9753
250 9754
251 9755
252 9756
253 9757
254 9758
255 9759
256 9760
257 9761
258 9762
259 9763
260 9764
261 9765
262 9766
263 9767
264 9768
265 9769
266 9770
267 9771
268 9772
269 9773
270 9774
271 9775
272 9776
273 9777
274 9778
275 9779
276 9780
277 9781
278 9782
279 9783
280 9784
281 9785
282 9786
283 9787
284 9788
285 9789
286 9790
287 9791
