0 6336
1 6337
2 6338
3 6339
4 6340
5 6341
6 6342
7 6343
8 6344
9 6345
10 6346
11 6347
12 6348
13 6349
14 6350
15 6351
16 6352
17 6353
18 6354
19 6355
20 6356
21 6357
22 6358
23 6359
24 6360
25 6361
26 6362
27 6363
28 6364
29 6365
30 6366
31 6367
32 6368
33 6369
34 6370
35 6371
36 6372
37 6373
38 6374
39 6375
40 6376
41 6377
42 6378
43 6379
44 6380
45 6381
46 6382
47 6383
48 6384
49 6385
50 6386
51 6387
52 6388
53 6389
54 6390
55 6391
56 6392
57 6393
58 6394
59 6395
60 6396
61 6397
62 6398
63 6399
64 6400
65 6401
66 6402
67 6403
68 6404
69 6405
70 6406
71 6407
72 6408
73 6409
74 6410
75 6411
76 6412
77 6413
78 6414
79 6415
80 6416
81 6417
82 6418
83 6419
84 6420
85 6421
86 6422
87 6423
88 6424
89 6425
90 6426
91 6427
92 6428
93 6429
94 6430
95 6431
96 6432
97 6433
98 6434
99 6435
100 6436
101 6437
102 6438
103 6439
104 6440
105 6441
106 6442
107 6443
108 6444
109 6445
110 6446
111 6447
112 6448
113 6449
114 6450
115 6451
116 6452
117 6453
118 6454
119 6455
120 6456
121 6457
122 6458
123 6459
124 6460
125 6461
126 6462
127 6463
128 6464
129 6465
130 6466
131 6467
132 6468
133 6469
134 6470
135 6471
136 6472
137 6473
138 6474
139 6475
140 6476
141 6477
142 6478
143 6479
144 6480
145 6481
146 6482
147 6483
148 6484
149 6485
150 6486
151 6487
152 6488
153 6489
154 6490
155 6491
156 6492
157 6493
158 6494
159 6495
160 6496
161 6497
162 6498
163 6499
164 6500
165 6501
166 6502
167 6503
168 6504
169 6505
170 6506
171 6507
172 6508
173 6509
174 6510
175 6511
176 6512
177 6513
178 6514
179 6515
180 6516
181 6517
182 6518
183 6519
184 6520
185 6521
186 6522
187 6523
188 6524
189 6525
190 6526
191 6527
192 6528
193 6529
194 6530
195 6531
196 6532
197 6533
198 6534
199 6535
200 6536
201 6537
202 6538
203 6539
204 6540
205 6541
206 6542
207 6543
208 6544
209 6545
210 6546
211 6547
212 6548
213 6549
214 6550
215 6551
216 6552
217 6553
218 6554
219 6555
220 6556
221 6557
222 6558
223 6559
224 6560
225 6561
226 6562
227 6563
228 6564
229 6565
230 6566
231 6567
232 6568
233 6569
234 6570
235 6571
236 6572
237 6573
238 6574
239 6575
240 6576
241 6577
242 6578
243 6579
244 6580
245 6581
246 6582
247 6583
248 6584
249 6585
250 6586
251 6587
252 6588
253 6589
254 6590
255 6591
256 6592
257 6593
258 6594
259 6595
260 6596
261 6597
262 6598
263 6599
264 6600
265 6601
266 6602
267 6603
268 6604
269 6605
270 6606
271 6607
272 6608
273 6609
274 6610
275 6611
276 6612
277 6613
278 6614
279 6615
280 6616
281 6617
282 6618
283 6619
284 6620
285 6621
286 6622
287 6623
