0 1152
1 1153
2 1154
3 1155
4 1156
5 1157
6 1158
7 1159
8 1160
9 1161
10 1162
11 1163
12 1164
13 1165
14 1166
15 1167
16 1168
17 1169
18 1170
19 1171
20 1172
21 1173
22 1174
23 1175
24 1176
25 1177
26 1178
27 1179
28 1180
29 1181
30 1182
31 1183
32 1184
33 1185
34 1186
35 1187
36 1188
37 1189
38 1190
39 1191
40 1192
41 1193
42 1194
43 1195
44 1196
45 1197
46 1198
47 1199
48 1200
49 1201
50 1202
51 1203
52 1204
53 1205
54 1206
55 1207
56 1208
57 1209
58 1210
59 1211
60 1212
61 1213
62 1214
63 1215
64 1216
65 1217
66 1218
67 1219
68 1220
69 1221
70 1222
71 1223
72 1224
73 1225
74 1226
75 1227
76 1228
77 1229
78 1230
79 1231
80 1232
81 1233
82 1234
83 1235
84 1236
85 1237
86 1238
87 1239
88 1240
89 1241
90 1242
91 1243
92 1244
93 1245
94 1246
95 1247
96 1248
97 1249
98 1250
99 1251
100 1252
101 1253
102 1254
103 1255
104 1256
105 1257
106 1258
107 1259
108 1260
109 1261
110 1262
111 1263
112 1264
113 1265
114 1266
115 1267
116 1268
117 1269
118 1270
119 1271
120 1272
121 1273
122 1274
123 1275
124 1276
125 1277
126 1278
127 1279
128 1280
129 1281
130 1282
131 1283
132 1284
133 1285
134 1286
135 1287
136 1288
137 1289
138 1290
139 1291
140 1292
141 1293
142 1294
143 1295
144 1296
145 1297
146 1298
147 1299
148 1300
149 1301
150 1302
151 1303
152 1304
153 1305
154 1306
155 1307
156 1308
157 1309
158 1310
159 1311
160 1312
161 1313
162 1314
163 1315
164 1316
165 1317
166 1318
167 1319
168 1320
169 1321
170 1322
171 1323
172 1324
173 1325
174 1326
175 1327
176 1328
177 1329
178 1330
179 1331
180 1332
181 1333
182 1334
183 1335
184 1336
185 1337
186 1338
187 1339
188 1340
189 1341
190 1342
191 1343
192 1344
193 1345
194 1346
195 1347
196 1348
197 1349
198 1350
199 1351
200 1352
201 1353
202 1354
203 1355
204 1356
205 1357
206 1358
207 1359
208 1360
209 1361
210 1362
211 1363
212 1364
213 1365
214 1366
215 1367
216 1368
217 1369
218 1370
219 1371
220 1372
221 1373
222 1374
223 1375
224 1376
225 1377
226 1378
227 1379
228 1380
229 1381
230 1382
231 1383
232 1384
233 1385
234 1386
235 1387
236 1388
237 1389
238 1390
239 1391
240 1392
241 1393
242 1394
243 1395
244 1396
245 1397
246 1398
247 1399
248 1400
249 1401
250 1402
251 1403
252 1404
253 1405
254 1406
255 1407
256 1408
257 1409
258 1410
259 1411
260 1412
261 1413
262 1414
263 1415
264 1416
265 1417
266 1418
267 1419
268 1420
269 1421
270 1422
271 1423
272 1424
273 1425
274 1426
275 1427
276 1428
277 1429
278 1430
279 1431
280 1432
281 1433
282 1434
283 1435
284 1436
285 1437
286 1438
287 1439
