0 864
1 865
2 866
3 867
4 868
5 869
6 870
7 871
8 872
9 873
10 874
11 875
12 876
13 877
14 878
15 879
16 880
17 881
18 882
19 883
20 884
21 885
22 886
23 887
24 888
25 889
26 890
27 891
28 892
29 893
30 894
31 895
32 896
33 897
34 898
35 899
36 900
37 901
38 902
39 903
40 904
41 905
42 906
43 907
44 908
45 909
46 910
47 911
48 912
49 913
50 914
51 915
52 916
53 917
54 918
55 919
56 920
57 921
58 922
59 923
60 924
61 925
62 926
63 927
64 928
65 929
66 930
67 931
68 932
69 933
70 934
71 935
72 936
73 937
74 938
75 939
76 940
77 941
78 942
79 943
80 944
81 945
82 946
83 947
84 948
85 949
86 950
87 951
88 952
89 953
90 954
91 955
92 956
93 957
94 958
95 959
96 960
97 961
98 962
99 963
100 964
101 965
102 966
103 967
104 968
105 969
106 970
107 971
108 972
109 973
110 974
111 975
112 976
113 977
114 978
115 979
116 980
117 981
118 982
119 983
120 984
121 985
122 986
123 987
124 988
125 989
126 990
127 991
128 992
129 993
130 994
131 995
132 996
133 997
134 998
135 999
136 1000
137 1001
138 1002
139 1003
140 1004
141 1005
142 1006
143 1007
144 1008
145 1009
146 1010
147 1011
148 1012
149 1013
150 1014
151 1015
152 1016
153 1017
154 1018
155 1019
156 1020
157 1021
158 1022
159 1023
160 1024
161 1025
162 1026
163 1027
164 1028
165 1029
166 1030
167 1031
168 1032
169 1033
170 1034
171 1035
172 1036
173 1037
174 1038
175 1039
176 1040
177 1041
178 1042
179 1043
180 1044
181 1045
182 1046
183 1047
184 1048
185 1049
186 1050
187 1051
188 1052
189 1053
190 1054
191 1055
192 1056
193 1057
194 1058
195 1059
196 1060
197 1061
198 1062
199 1063
200 1064
201 1065
202 1066
203 1067
204 1068
205 1069
206 1070
207 1071
208 1072
209 1073
210 1074
211 1075
212 1076
213 1077
214 1078
215 1079
216 1080
217 1081
218 1082
219 1083
220 1084
221 1085
222 1086
223 1087
224 1088
225 1089
226 1090
227 1091
228 1092
229 1093
230 1094
231 1095
232 1096
233 1097
234 1098
235 1099
236 1100
237 1101
238 1102
239 1103
240 1104
241 1105
242 1106
243 1107
244 1108
245 1109
246 1110
247 1111
248 1112
249 1113
250 1114
251 1115
252 1116
253 1117
254 1118
255 1119
256 1120
257 1121
258 1122
259 1123
260 1124
261 1125
262 1126
263 1127
264 1128
265 1129
266 1130
267 1131
268 1132
269 1133
270 1134
271 1135
272 1136
273 1137
274 1138
275 1139
276 1140
277 1141
278 1142
279 1143
280 1144
281 1145
282 1146
283 1147
284 1148
285 1149
286 1150
287 1151
