0 1728
1 1729
2 1730
3 1731
4 1732
5 1733
6 1734
7 1735
8 1736
9 1737
10 1738
11 1739
12 1740
13 1741
14 1742
15 1743
16 1744
17 1745
18 1746
19 1747
20 1748
21 1749
22 1750
23 1751
24 1752
25 1753
26 1754
27 1755
28 1756
29 1757
30 1758
31 1759
32 1760
33 1761
34 1762
35 1763
36 1764
37 1765
38 1766
39 1767
40 1768
41 1769
42 1770
43 1771
44 1772
45 1773
46 1774
47 1775
48 1776
49 1777
50 1778
51 1779
52 1780
53 1781
54 1782
55 1783
56 1784
57 1785
58 1786
59 1787
60 1788
61 1789
62 1790
63 1791
64 1792
65 1793
66 1794
67 1795
68 1796
69 1797
70 1798
71 1799
72 1800
73 1801
74 1802
75 1803
76 1804
77 1805
78 1806
79 1807
80 1808
81 1809
82 1810
83 1811
84 1812
85 1813
86 1814
87 1815
88 1816
89 1817
90 1818
91 1819
92 1820
93 1821
94 1822
95 1823
96 1824
97 1825
98 1826
99 1827
100 1828
101 1829
102 1830
103 1831
104 1832
105 1833
106 1834
107 1835
108 1836
109 1837
110 1838
111 1839
112 1840
113 1841
114 1842
115 1843
116 1844
117 1845
118 1846
119 1847
120 1848
121 1849
122 1850
123 1851
124 1852
125 1853
126 1854
127 1855
128 1856
129 1857
130 1858
131 1859
132 1860
133 1861
134 1862
135 1863
136 1864
137 1865
138 1866
139 1867
140 1868
141 1869
142 1870
143 1871
144 1872
145 1873
146 1874
147 1875
148 1876
149 1877
150 1878
151 1879
152 1880
153 1881
154 1882
155 1883
156 1884
157 1885
158 1886
159 1887
160 1888
161 1889
162 1890
163 1891
164 1892
165 1893
166 1894
167 1895
168 1896
169 1897
170 1898
171 1899
172 1900
173 1901
174 1902
175 1903
176 1904
177 1905
178 1906
179 1907
180 1908
181 1909
182 1910
183 1911
184 1912
185 1913
186 1914
187 1915
188 1916
189 1917
190 1918
191 1919
192 1920
193 1921
194 1922
195 1923
196 1924
197 1925
198 1926
199 1927
200 1928
201 1929
202 1930
203 1931
204 1932
205 1933
206 1934
207 1935
208 1936
209 1937
210 1938
211 1939
212 1940
213 1941
214 1942
215 1943
216 1944
217 1945
218 1946
219 1947
220 1948
221 1949
222 1950
223 1951
224 1952
225 1953
226 1954
227 1955
228 1956
229 1957
230 1958
231 1959
232 1960
233 1961
234 1962
235 1963
236 1964
237 1965
238 1966
239 1967
240 1968
241 1969
242 1970
243 1971
244 1972
245 1973
246 1974
247 1975
248 1976
249 1977
250 1978
251 1979
252 1980
253 1981
254 1982
255 1983
256 1984
257 1985
258 1986
259 1987
260 1988
261 1989
262 1990
263 1991
264 1992
265 1993
266 1994
267 1995
268 1996
269 1997
270 1998
271 1999
272 2000
273 2001
274 2002
275 2003
276 2004
277 2005
278 2006
279 2007
280 2008
281 2009
282 2010
283 2011
284 2012
285 2013
286 2014
287 2015
