0 5472
1 5473
2 5474
3 5475
4 5476
5 5477
6 5478
7 5479
8 5480
9 5481
10 5482
11 5483
12 5484
13 5485
14 5486
15 5487
16 5488
17 5489
18 5490
19 5491
20 5492
21 5493
22 5494
23 5495
24 5496
25 5497
26 5498
27 5499
28 5500
29 5501
30 5502
31 5503
32 5504
33 5505
34 5506
35 5507
36 5508
37 5509
38 5510
39 5511
40 5512
41 5513
42 5514
43 5515
44 5516
45 5517
46 5518
47 5519
48 5520
49 5521
50 5522
51 5523
52 5524
53 5525
54 5526
55 5527
56 5528
57 5529
58 5530
59 5531
60 5532
61 5533
62 5534
63 5535
64 5536
65 5537
66 5538
67 5539
68 5540
69 5541
70 5542
71 5543
72 5544
73 5545
74 5546
75 5547
76 5548
77 5549
78 5550
79 5551
80 5552
81 5553
82 5554
83 5555
84 5556
85 5557
86 5558
87 5559
88 5560
89 5561
90 5562
91 5563
92 5564
93 5565
94 5566
95 5567
96 5568
97 5569
98 5570
99 5571
100 5572
101 5573
102 5574
103 5575
104 5576
105 5577
106 5578
107 5579
108 5580
109 5581
110 5582
111 5583
112 5584
113 5585
114 5586
115 5587
116 5588
117 5589
118 5590
119 5591
120 5592
121 5593
122 5594
123 5595
124 5596
125 5597
126 5598
127 5599
128 5600
129 5601
130 5602
131 5603
132 5604
133 5605
134 5606
135 5607
136 5608
137 5609
138 5610
139 5611
140 5612
141 5613
142 5614
143 5615
144 5616
145 5617
146 5618
147 5619
148 5620
149 5621
150 5622
151 5623
152 5624
153 5625
154 5626
155 5627
156 5628
157 5629
158 5630
159 5631
160 5632
161 5633
162 5634
163 5635
164 5636
165 5637
166 5638
167 5639
168 5640
169 5641
170 5642
171 5643
172 5644
173 5645
174 5646
175 5647
176 5648
177 5649
178 5650
179 5651
180 5652
181 5653
182 5654
183 5655
184 5656
185 5657
186 5658
187 5659
188 5660
189 5661
190 5662
191 5663
192 5664
193 5665
194 5666
195 5667
196 5668
197 5669
198 5670
199 5671
200 5672
201 5673
202 5674
203 5675
204 5676
205 5677
206 5678
207 5679
208 5680
209 5681
210 5682
211 5683
212 5684
213 5685
214 5686
215 5687
216 5688
217 5689
218 5690
219 5691
220 5692
221 5693
222 5694
223 5695
224 5696
225 5697
226 5698
227 5699
228 5700
229 5701
230 5702
231 5703
232 5704
233 5705
234 5706
235 5707
236 5708
237 5709
238 5710
239 5711
240 5712
241 5713
242 5714
243 5715
244 5716
245 5717
246 5718
247 5719
248 5720
249 5721
250 5722
251 5723
252 5724
253 5725
254 5726
255 5727
256 5728
257 5729
258 5730
259 5731
260 5732
261 5733
262 5734
263 5735
264 5736
265 5737
266 5738
267 5739
268 5740
269 5741
270 5742
271 5743
272 5744
273 5745
274 5746
275 5747
276 5748
277 5749
278 5750
279 5751
280 5752
281 5753
282 5754
283 5755
284 5756
285 5757
286 5758
287 5759
