0 2880
1 2881
2 2882
3 2883
4 2884
5 2885
6 2886
7 2887
8 2888
9 2889
10 2890
11 2891
12 2892
13 2893
14 2894
15 2895
16 2896
17 2897
18 2898
19 2899
20 2900
21 2901
22 2902
23 2903
24 2904
25 2905
26 2906
27 2907
28 2908
29 2909
30 2910
31 2911
32 2912
33 2913
34 2914
35 2915
36 2916
37 2917
38 2918
39 2919
40 2920
41 2921
42 2922
43 2923
44 2924
45 2925
46 2926
47 2927
48 2928
49 2929
50 2930
51 2931
52 2932
53 2933
54 2934
55 2935
56 2936
57 2937
58 2938
59 2939
60 2940
61 2941
62 2942
63 2943
64 2944
65 2945
66 2946
67 2947
68 2948
69 2949
70 2950
71 2951
72 2952
73 2953
74 2954
75 2955
76 2956
77 2957
78 2958
79 2959
80 2960
81 2961
82 2962
83 2963
84 2964
85 2965
86 2966
87 2967
88 2968
89 2969
90 2970
91 2971
92 2972
93 2973
94 2974
95 2975
96 2976
97 2977
98 2978
99 2979
100 2980
101 2981
102 2982
103 2983
104 2984
105 2985
106 2986
107 2987
108 2988
109 2989
110 2990
111 2991
112 2992
113 2993
114 2994
115 2995
116 2996
117 2997
118 2998
119 2999
120 3000
121 3001
122 3002
123 3003
124 3004
125 3005
126 3006
127 3007
128 3008
129 3009
130 3010
131 3011
132 3012
133 3013
134 3014
135 3015
136 3016
137 3017
138 3018
139 3019
140 3020
141 3021
142 3022
143 3023
144 3024
145 3025
146 3026
147 3027
148 3028
149 3029
150 3030
151 3031
152 3032
153 3033
154 3034
155 3035
156 3036
157 3037
158 3038
159 3039
160 3040
161 3041
162 3042
163 3043
164 3044
165 3045
166 3046
167 3047
168 3048
169 3049
170 3050
171 3051
172 3052
173 3053
174 3054
175 3055
176 3056
177 3057
178 3058
179 3059
180 3060
181 3061
182 3062
183 3063
184 3064
185 3065
186 3066
187 3067
188 3068
189 3069
190 3070
191 3071
192 3072
193 3073
194 3074
195 3075
196 3076
197 3077
198 3078
199 3079
200 3080
201 3081
202 3082
203 3083
204 3084
205 3085
206 3086
207 3087
208 3088
209 3089
210 3090
211 3091
212 3092
213 3093
214 3094
215 3095
216 3096
217 3097
218 3098
219 3099
220 3100
221 3101
222 3102
223 3103
224 3104
225 3105
226 3106
227 3107
228 3108
229 3109
230 3110
231 3111
232 3112
233 3113
234 3114
235 3115
236 3116
237 3117
238 3118
239 3119
240 3120
241 3121
242 3122
243 3123
244 3124
245 3125
246 3126
247 3127
248 3128
249 3129
250 3130
251 3131
252 3132
253 3133
254 3134
255 3135
256 3136
257 3137
258 3138
259 3139
260 3140
261 3141
262 3142
263 3143
264 3144
265 3145
266 3146
267 3147
268 3148
269 3149
270 3150
271 3151
272 3152
273 3153
274 3154
275 3155
276 3156
277 3157
278 3158
279 3159
280 3160
281 3161
282 3162
283 3163
284 3164
285 3165
286 3166
287 3167
