0 4032
1 4033
2 4034
3 4035
4 4036
5 4037
6 4038
7 4039
8 4040
9 4041
10 4042
11 4043
12 4044
13 4045
14 4046
15 4047
16 4048
17 4049
18 4050
19 4051
20 4052
21 4053
22 4054
23 4055
24 4056
25 4057
26 4058
27 4059
28 4060
29 4061
30 4062
31 4063
32 4064
33 4065
34 4066
35 4067
36 4068
37 4069
38 4070
39 4071
40 4072
41 4073
42 4074
43 4075
44 4076
45 4077
46 4078
47 4079
48 4080
49 4081
50 4082
51 4083
52 4084
53 4085
54 4086
55 4087
56 4088
57 4089
58 4090
59 4091
60 4092
61 4093
62 4094
63 4095
64 4096
65 4097
66 4098
67 4099
68 4100
69 4101
70 4102
71 4103
72 4104
73 4105
74 4106
75 4107
76 4108
77 4109
78 4110
79 4111
80 4112
81 4113
82 4114
83 4115
84 4116
85 4117
86 4118
87 4119
88 4120
89 4121
90 4122
91 4123
92 4124
93 4125
94 4126
95 4127
96 4128
97 4129
98 4130
99 4131
100 4132
101 4133
102 4134
103 4135
104 4136
105 4137
106 4138
107 4139
108 4140
109 4141
110 4142
111 4143
112 4144
113 4145
114 4146
115 4147
116 4148
117 4149
118 4150
119 4151
120 4152
121 4153
122 4154
123 4155
124 4156
125 4157
126 4158
127 4159
128 4160
129 4161
130 4162
131 4163
132 4164
133 4165
134 4166
135 4167
136 4168
137 4169
138 4170
139 4171
140 4172
141 4173
142 4174
143 4175
144 4176
145 4177
146 4178
147 4179
148 4180
149 4181
150 4182
151 4183
152 4184
153 4185
154 4186
155 4187
156 4188
157 4189
158 4190
159 4191
160 4192
161 4193
162 4194
163 4195
164 4196
165 4197
166 4198
167 4199
168 4200
169 4201
170 4202
171 4203
172 4204
173 4205
174 4206
175 4207
176 4208
177 4209
178 4210
179 4211
180 4212
181 4213
182 4214
183 4215
184 4216
185 4217
186 4218
187 4219
188 4220
189 4221
190 4222
191 4223
192 4224
193 4225
194 4226
195 4227
196 4228
197 4229
198 4230
199 4231
200 4232
201 4233
202 4234
203 4235
204 4236
205 4237
206 4238
207 4239
208 4240
209 4241
210 4242
211 4243
212 4244
213 4245
214 4246
215 4247
216 4248
217 4249
218 4250
219 4251
220 4252
221 4253
222 4254
223 4255
224 4256
225 4257
226 4258
227 4259
228 4260
229 4261
230 4262
231 4263
232 4264
233 4265
234 4266
235 4267
236 4268
237 4269
238 4270
239 4271
240 4272
241 4273
242 4274
243 4275
244 4276
245 4277
246 4278
247 4279
248 4280
249 4281
250 4282
251 4283
252 4284
253 4285
254 4286
255 4287
256 4288
257 4289
258 4290
259 4291
260 4292
261 4293
262 4294
263 4295
264 4296
265 4297
266 4298
267 4299
268 4300
269 4301
270 4302
271 4303
272 4304
273 4305
274 4306
275 4307
276 4308
277 4309
278 4310
279 4311
280 4312
281 4313
282 4314
283 4315
284 4316
285 4317
286 4318
287 4319
