0 4320
1 4321
2 4322
3 4323
4 4324
5 4325
6 4326
7 4327
8 4328
9 4329
10 4330
11 4331
12 4332
13 4333
14 4334
15 4335
16 4336
17 4337
18 4338
19 4339
20 4340
21 4341
22 4342
23 4343
24 4344
25 4345
26 4346
27 4347
28 4348
29 4349
30 4350
31 4351
32 4352
33 4353
34 4354
35 4355
36 4356
37 4357
38 4358
39 4359
40 4360
41 4361
42 4362
43 4363
44 4364
45 4365
46 4366
47 4367
48 4368
49 4369
50 4370
51 4371
52 4372
53 4373
54 4374
55 4375
56 4376
57 4377
58 4378
59 4379
60 4380
61 4381
62 4382
63 4383
64 4384
65 4385
66 4386
67 4387
68 4388
69 4389
70 4390
71 4391
72 4392
73 4393
74 4394
75 4395
76 4396
77 4397
78 4398
79 4399
80 4400
81 4401
82 4402
83 4403
84 4404
85 4405
86 4406
87 4407
88 4408
89 4409
90 4410
91 4411
92 4412
93 4413
94 4414
95 4415
96 4416
97 4417
98 4418
99 4419
100 4420
101 4421
102 4422
103 4423
104 4424
105 4425
106 4426
107 4427
108 4428
109 4429
110 4430
111 4431
112 4432
113 4433
114 4434
115 4435
116 4436
117 4437
118 4438
119 4439
120 4440
121 4441
122 4442
123 4443
124 4444
125 4445
126 4446
127 4447
128 4448
129 4449
130 4450
131 4451
132 4452
133 4453
134 4454
135 4455
136 4456
137 4457
138 4458
139 4459
140 4460
141 4461
142 4462
143 4463
144 4464
145 4465
146 4466
147 4467
148 4468
149 4469
150 4470
151 4471
152 4472
153 4473
154 4474
155 4475
156 4476
157 4477
158 4478
159 4479
160 4480
161 4481
162 4482
163 4483
164 4484
165 4485
166 4486
167 4487
168 4488
169 4489
170 4490
171 4491
172 4492
173 4493
174 4494
175 4495
176 4496
177 4497
178 4498
179 4499
180 4500
181 4501
182 4502
183 4503
184 4504
185 4505
186 4506
187 4507
188 4508
189 4509
190 4510
191 4511
192 4512
193 4513
194 4514
195 4515
196 4516
197 4517
198 4518
199 4519
200 4520
201 4521
202 4522
203 4523
204 4524
205 4525
206 4526
207 4527
208 4528
209 4529
210 4530
211 4531
212 4532
213 4533
214 4534
215 4535
216 4536
217 4537
218 4538
219 4539
220 4540
221 4541
222 4542
223 4543
224 4544
225 4545
226 4546
227 4547
228 4548
229 4549
230 4550
231 4551
232 4552
233 4553
234 4554
235 4555
236 4556
237 4557
238 4558
239 4559
240 4560
241 4561
242 4562
243 4563
244 4564
245 4565
246 4566
247 4567
248 4568
249 4569
250 4570
251 4571
252 4572
253 4573
254 4574
255 4575
256 4576
257 4577
258 4578
259 4579
260 4580
261 4581
262 4582
263 4583
264 4584
265 4585
266 4586
267 4587
268 4588
269 4589
270 4590
271 4591
272 4592
273 4593
274 4594
275 4595
276 4596
277 4597
278 4598
279 4599
280 4600
281 4601
282 4602
283 4603
284 4604
285 4605
286 4606
287 4607
