0 3168
1 3169
2 3170
3 3171
4 3172
5 3173
6 3174
7 3175
8 3176
9 3177
10 3178
11 3179
12 3180
13 3181
14 3182
15 3183
16 3184
17 3185
18 3186
19 3187
20 3188
21 3189
22 3190
23 3191
24 3192
25 3193
26 3194
27 3195
28 3196
29 3197
30 3198
31 3199
32 3200
33 3201
34 3202
35 3203
36 3204
37 3205
38 3206
39 3207
40 3208
41 3209
42 3210
43 3211
44 3212
45 3213
46 3214
47 3215
48 3216
49 3217
50 3218
51 3219
52 3220
53 3221
54 3222
55 3223
56 3224
57 3225
58 3226
59 3227
60 3228
61 3229
62 3230
63 3231
64 3232
65 3233
66 3234
67 3235
68 3236
69 3237
70 3238
71 3239
72 3240
73 3241
74 3242
75 3243
76 3244
77 3245
78 3246
79 3247
80 3248
81 3249
82 3250
83 3251
84 3252
85 3253
86 3254
87 3255
88 3256
89 3257
90 3258
91 3259
92 3260
93 3261
94 3262
95 3263
96 3264
97 3265
98 3266
99 3267
100 3268
101 3269
102 3270
103 3271
104 3272
105 3273
106 3274
107 3275
108 3276
109 3277
110 3278
111 3279
112 3280
113 3281
114 3282
115 3283
116 3284
117 3285
118 3286
119 3287
120 3288
121 3289
122 3290
123 3291
124 3292
125 3293
126 3294
127 3295
128 3296
129 3297
130 3298
131 3299
132 3300
133 3301
134 3302
135 3303
136 3304
137 3305
138 3306
139 3307
140 3308
141 3309
142 3310
143 3311
144 3312
145 3313
146 3314
147 3315
148 3316
149 3317
150 3318
151 3319
152 3320
153 3321
154 3322
155 3323
156 3324
157 3325
158 3326
159 3327
160 3328
161 3329
162 3330
163 3331
164 3332
165 3333
166 3334
167 3335
168 3336
169 3337
170 3338
171 3339
172 3340
173 3341
174 3342
175 3343
176 3344
177 3345
178 3346
179 3347
180 3348
181 3349
182 3350
183 3351
184 3352
185 3353
186 3354
187 3355
188 3356
189 3357
190 3358
191 3359
192 3360
193 3361
194 3362
195 3363
196 3364
197 3365
198 3366
199 3367
200 3368
201 3369
202 3370
203 3371
204 3372
205 3373
206 3374
207 3375
208 3376
209 3377
210 3378
211 3379
212 3380
213 3381
214 3382
215 3383
216 3384
217 3385
218 3386
219 3387
220 3388
221 3389
222 3390
223 3391
224 3392
225 3393
226 3394
227 3395
228 3396
229 3397
230 3398
231 3399
232 3400
233 3401
234 3402
235 3403
236 3404
237 3405
238 3406
239 3407
240 3408
241 3409
242 3410
243 3411
244 3412
245 3413
246 3414
247 3415
248 3416
249 3417
250 3418
251 3419
252 3420
253 3421
254 3422
255 3423
256 3424
257 3425
258 3426
259 3427
260 3428
261 3429
262 3430
263 3431
264 3432
265 3433
266 3434
267 3435
268 3436
269 3437
270 3438
271 3439
272 3440
273 3441
274 3442
275 3443
276 3444
277 3445
278 3446
279 3447
280 3448
281 3449
282 3450
283 3451
284 3452
285 3453
286 3454
287 3455
