0 7200
1 7201
2 7202
3 7203
4 7204
5 7205
6 7206
7 7207
8 7208
9 7209
10 7210
11 7211
12 7212
13 7213
14 7214
15 7215
16 7216
17 7217
18 7218
19 7219
20 7220
21 7221
22 7222
23 7223
24 7224
25 7225
26 7226
27 7227
28 7228
29 7229
30 7230
31 7231
32 7232
33 7233
34 7234
35 7235
36 7236
37 7237
38 7238
39 7239
40 7240
41 7241
42 7242
43 7243
44 7244
45 7245
46 7246
47 7247
48 7248
49 7249
50 7250
51 7251
52 7252
53 7253
54 7254
55 7255
56 7256
57 7257
58 7258
59 7259
60 7260
61 7261
62 7262
63 7263
64 7264
65 7265
66 7266
67 7267
68 7268
69 7269
70 7270
71 7271
72 7272
73 7273
74 7274
75 7275
76 7276
77 7277
78 7278
79 7279
80 7280
81 7281
82 7282
83 7283
84 7284
85 7285
86 7286
87 7287
88 7288
89 7289
90 7290
91 7291
92 7292
93 7293
94 7294
95 7295
96 7296
97 7297
98 7298
99 7299
100 7300
101 7301
102 7302
103 7303
104 7304
105 7305
106 7306
107 7307
108 7308
109 7309
110 7310
111 7311
112 7312
113 7313
114 7314
115 7315
116 7316
117 7317
118 7318
119 7319
120 7320
121 7321
122 7322
123 7323
124 7324
125 7325
126 7326
127 7327
128 7328
129 7329
130 7330
131 7331
132 7332
133 7333
134 7334
135 7335
136 7336
137 7337
138 7338
139 7339
140 7340
141 7341
142 7342
143 7343
144 7344
145 7345
146 7346
147 7347
148 7348
149 7349
150 7350
151 7351
152 7352
153 7353
154 7354
155 7355
156 7356
157 7357
158 7358
159 7359
160 7360
161 7361
162 7362
163 7363
164 7364
165 7365
166 7366
167 7367
168 7368
169 7369
170 7370
171 7371
172 7372
173 7373
174 7374
175 7375
176 7376
177 7377
178 7378
179 7379
180 7380
181 7381
182 7382
183 7383
184 7384
185 7385
186 7386
187 7387
188 7388
189 7389
190 7390
191 7391
192 7392
193 7393
194 7394
195 7395
196 7396
197 7397
198 7398
199 7399
200 7400
201 7401
202 7402
203 7403
204 7404
205 7405
206 7406
207 7407
208 7408
209 7409
210 7410
211 7411
212 7412
213 7413
214 7414
215 7415
216 7416
217 7417
218 7418
219 7419
220 7420
221 7421
222 7422
223 7423
224 7424
225 7425
226 7426
227 7427
228 7428
229 7429
230 7430
231 7431
232 7432
233 7433
234 7434
235 7435
236 7436
237 7437
238 7438
239 7439
240 7440
241 7441
242 7442
243 7443
244 7444
245 7445
246 7446
247 7447
248 7448
249 7449
250 7450
251 7451
252 7452
253 7453
254 7454
255 7455
256 7456
257 7457
258 7458
259 7459
260 7460
261 7461
262 7462
263 7463
264 7464
265 7465
266 7466
267 7467
268 7468
269 7469
270 7470
271 7471
272 7472
273 7473
274 7474
275 7475
276 7476
277 7477
278 7478
279 7479
280 7480
281 7481
282 7482
283 7483
284 7484
285 7485
286 7486
287 7487
