0 6624
1 6625
2 6626
3 6627
4 6628
5 6629
6 6630
7 6631
8 6632
9 6633
10 6634
11 6635
12 6636
13 6637
14 6638
15 6639
16 6640
17 6641
18 6642
19 6643
20 6644
21 6645
22 6646
23 6647
24 6648
25 6649
26 6650
27 6651
28 6652
29 6653
30 6654
31 6655
32 6656
33 6657
34 6658
35 6659
36 6660
37 6661
38 6662
39 6663
40 6664
41 6665
42 6666
43 6667
44 6668
45 6669
46 6670
47 6671
48 6672
49 6673
50 6674
51 6675
52 6676
53 6677
54 6678
55 6679
56 6680
57 6681
58 6682
59 6683
60 6684
61 6685
62 6686
63 6687
64 6688
65 6689
66 6690
67 6691
68 6692
69 6693
70 6694
71 6695
72 6696
73 6697
74 6698
75 6699
76 6700
77 6701
78 6702
79 6703
80 6704
81 6705
82 6706
83 6707
84 6708
85 6709
86 6710
87 6711
88 6712
89 6713
90 6714
91 6715
92 6716
93 6717
94 6718
95 6719
96 6720
97 6721
98 6722
99 6723
100 6724
101 6725
102 6726
103 6727
104 6728
105 6729
106 6730
107 6731
108 6732
109 6733
110 6734
111 6735
112 6736
113 6737
114 6738
115 6739
116 6740
117 6741
118 6742
119 6743
120 6744
121 6745
122 6746
123 6747
124 6748
125 6749
126 6750
127 6751
128 6752
129 6753
130 6754
131 6755
132 6756
133 6757
134 6758
135 6759
136 6760
137 6761
138 6762
139 6763
140 6764
141 6765
142 6766
143 6767
144 6768
145 6769
146 6770
147 6771
148 6772
149 6773
150 6774
151 6775
152 6776
153 6777
154 6778
155 6779
156 6780
157 6781
158 6782
159 6783
160 6784
161 6785
162 6786
163 6787
164 6788
165 6789
166 6790
167 6791
168 6792
169 6793
170 6794
171 6795
172 6796
173 6797
174 6798
175 6799
176 6800
177 6801
178 6802
179 6803
180 6804
181 6805
182 6806
183 6807
184 6808
185 6809
186 6810
187 6811
188 6812
189 6813
190 6814
191 6815
192 6816
193 6817
194 6818
195 6819
196 6820
197 6821
198 6822
199 6823
200 6824
201 6825
202 6826
203 6827
204 6828
205 6829
206 6830
207 6831
208 6832
209 6833
210 6834
211 6835
212 6836
213 6837
214 6838
215 6839
216 6840
217 6841
218 6842
219 6843
220 6844
221 6845
222 6846
223 6847
224 6848
225 6849
226 6850
227 6851
228 6852
229 6853
230 6854
231 6855
232 6856
233 6857
234 6858
235 6859
236 6860
237 6861
238 6862
239 6863
240 6864
241 6865
242 6866
243 6867
244 6868
245 6869
246 6870
247 6871
248 6872
249 6873
250 6874
251 6875
252 6876
253 6877
254 6878
255 6879
256 6880
257 6881
258 6882
259 6883
260 6884
261 6885
262 6886
263 6887
264 6888
265 6889
266 6890
267 6891
268 6892
269 6893
270 6894
271 6895
272 6896
273 6897
274 6898
275 6899
276 6900
277 6901
278 6902
279 6903
280 6904
281 6905
282 6906
283 6907
284 6908
285 6909
286 6910
287 6911
