0 8352
1 8353
2 8354
3 8355
4 8356
5 8357
6 8358
7 8359
8 8360
9 8361
10 8362
11 8363
12 8364
13 8365
14 8366
15 8367
16 8368
17 8369
18 8370
19 8371
20 8372
21 8373
22 8374
23 8375
24 8376
25 8377
26 8378
27 8379
28 8380
29 8381
30 8382
31 8383
32 8384
33 8385
34 8386
35 8387
36 8388
37 8389
38 8390
39 8391
40 8392
41 8393
42 8394
43 8395
44 8396
45 8397
46 8398
47 8399
48 8400
49 8401
50 8402
51 8403
52 8404
53 8405
54 8406
55 8407
56 8408
57 8409
58 8410
59 8411
60 8412
61 8413
62 8414
63 8415
64 8416
65 8417
66 8418
67 8419
68 8420
69 8421
70 8422
71 8423
72 8424
73 8425
74 8426
75 8427
76 8428
77 8429
78 8430
79 8431
80 8432
81 8433
82 8434
83 8435
84 8436
85 8437
86 8438
87 8439
88 8440
89 8441
90 8442
91 8443
92 8444
93 8445
94 8446
95 8447
96 8448
97 8449
98 8450
99 8451
100 8452
101 8453
102 8454
103 8455
104 8456
105 8457
106 8458
107 8459
108 8460
109 8461
110 8462
111 8463
112 8464
113 8465
114 8466
115 8467
116 8468
117 8469
118 8470
119 8471
120 8472
121 8473
122 8474
123 8475
124 8476
125 8477
126 8478
127 8479
128 8480
129 8481
130 8482
131 8483
132 8484
133 8485
134 8486
135 8487
136 8488
137 8489
138 8490
139 8491
140 8492
141 8493
142 8494
143 8495
144 8496
145 8497
146 8498
147 8499
148 8500
149 8501
150 8502
151 8503
152 8504
153 8505
154 8506
155 8507
156 8508
157 8509
158 8510
159 8511
160 8512
161 8513
162 8514
163 8515
164 8516
165 8517
166 8518
167 8519
168 8520
169 8521
170 8522
171 8523
172 8524
173 8525
174 8526
175 8527
176 8528
177 8529
178 8530
179 8531
180 8532
181 8533
182 8534
183 8535
184 8536
185 8537
186 8538
187 8539
188 8540
189 8541
190 8542
191 8543
192 8544
193 8545
194 8546
195 8547
196 8548
197 8549
198 8550
199 8551
200 8552
201 8553
202 8554
203 8555
204 8556
205 8557
206 8558
207 8559
208 8560
209 8561
210 8562
211 8563
212 8564
213 8565
214 8566
215 8567
216 8568
217 8569
218 8570
219 8571
220 8572
221 8573
222 8574
223 8575
224 8576
225 8577
226 8578
227 8579
228 8580
229 8581
230 8582
231 8583
232 8584
233 8585
234 8586
235 8587
236 8588
237 8589
238 8590
239 8591
240 8592
241 8593
242 8594
243 8595
244 8596
245 8597
246 8598
247 8599
248 8600
249 8601
250 8602
251 8603
252 8604
253 8605
254 8606
255 8607
256 8608
257 8609
258 8610
259 8611
260 8612
261 8613
262 8614
263 8615
264 8616
265 8617
266 8618
267 8619
268 8620
269 8621
270 8622
271 8623
272 8624
273 8625
274 8626
275 8627
276 8628
277 8629
278 8630
279 8631
280 8632
281 8633
282 8634
283 8635
284 8636
285 8637
286 8638
287 8639
