0 7776
1 7777
2 7778
3 7779
4 7780
5 7781
6 7782
7 7783
8 7784
9 7785
10 7786
11 7787
12 7788
13 7789
14 7790
15 7791
16 7792
17 7793
18 7794
19 7795
20 7796
21 7797
22 7798
23 7799
24 7800
25 7801
26 7802
27 7803
28 7804
29 7805
30 7806
31 7807
32 7808
33 7809
34 7810
35 7811
36 7812
37 7813
38 7814
39 7815
40 7816
41 7817
42 7818
43 7819
44 7820
45 7821
46 7822
47 7823
48 7824
49 7825
50 7826
51 7827
52 7828
53 7829
54 7830
55 7831
56 7832
57 7833
58 7834
59 7835
60 7836
61 7837
62 7838
63 7839
64 7840
65 7841
66 7842
67 7843
68 7844
69 7845
70 7846
71 7847
72 7848
73 7849
74 7850
75 7851
76 7852
77 7853
78 7854
79 7855
80 7856
81 7857
82 7858
83 7859
84 7860
85 7861
86 7862
87 7863
88 7864
89 7865
90 7866
91 7867
92 7868
93 7869
94 7870
95 7871
96 7872
97 7873
98 7874
99 7875
100 7876
101 7877
102 7878
103 7879
104 7880
105 7881
106 7882
107 7883
108 7884
109 7885
110 7886
111 7887
112 7888
113 7889
114 7890
115 7891
116 7892
117 7893
118 7894
119 7895
120 7896
121 7897
122 7898
123 7899
124 7900
125 7901
126 7902
127 7903
128 7904
129 7905
130 7906
131 7907
132 7908
133 7909
134 7910
135 7911
136 7912
137 7913
138 7914
139 7915
140 7916
141 7917
142 7918
143 7919
144 7920
145 7921
146 7922
147 7923
148 7924
149 7925
150 7926
151 7927
152 7928
153 7929
154 7930
155 7931
156 7932
157 7933
158 7934
159 7935
160 7936
161 7937
162 7938
163 7939
164 7940
165 7941
166 7942
167 7943
168 7944
169 7945
170 7946
171 7947
172 7948
173 7949
174 7950
175 7951
176 7952
177 7953
178 7954
179 7955
180 7956
181 7957
182 7958
183 7959
184 7960
185 7961
186 7962
187 7963
188 7964
189 7965
190 7966
191 7967
192 7968
193 7969
194 7970
195 7971
196 7972
197 7973
198 7974
199 7975
200 7976
201 7977
202 7978
203 7979
204 7980
205 7981
206 7982
207 7983
208 7984
209 7985
210 7986
211 7987
212 7988
213 7989
214 7990
215 7991
216 7992
217 7993
218 7994
219 7995
220 7996
221 7997
222 7998
223 7999
224 8000
225 8001
226 8002
227 8003
228 8004
229 8005
230 8006
231 8007
232 8008
233 8009
234 8010
235 8011
236 8012
237 8013
238 8014
239 8015
240 8016
241 8017
242 8018
243 8019
244 8020
245 8021
246 8022
247 8023
248 8024
249 8025
250 8026
251 8027
252 8028
253 8029
254 8030
255 8031
256 8032
257 8033
258 8034
259 8035
260 8036
261 8037
262 8038
263 8039
264 8040
265 8041
266 8042
267 8043
268 8044
269 8045
270 8046
271 8047
272 8048
273 8049
274 8050
275 8051
276 8052
277 8053
278 8054
279 8055
280 8056
281 8057
282 8058
283 8059
284 8060
285 8061
286 8062
287 8063
