0 10656
1 10657
2 10658
3 10659
4 10660
5 10661
6 10662
7 10663
8 10664
9 10665
10 10666
11 10667
12 10668
13 10669
14 10670
15 10671
16 10672
17 10673
18 10674
19 10675
20 10676
21 10677
22 10678
23 10679
24 10680
25 10681
26 10682
27 10683
28 10684
29 10685
30 10686
31 10687
32 10688
33 10689
34 10690
35 10691
36 10692
37 10693
38 10694
39 10695
40 10696
41 10697
42 10698
43 10699
44 10700
45 10701
46 10702
47 10703
48 10704
49 10705
50 10706
51 10707
52 10708
53 10709
54 10710
55 10711
56 10712
57 10713
58 10714
59 10715
60 10716
61 10717
62 10718
63 10719
64 10720
65 10721
66 10722
67 10723
68 10724
69 10725
70 10726
71 10727
72 10728
73 10729
74 10730
75 10731
76 10732
77 10733
78 10734
79 10735
80 10736
81 10737
82 10738
83 10739
84 10740
85 10741
86 10742
87 10743
88 10744
89 10745
90 10746
91 10747
92 10748
93 10749
94 10750
95 10751
96 10752
97 10753
98 10754
99 10755
100 10756
101 10757
102 10758
103 10759
104 10760
105 10761
106 10762
107 10763
108 10764
109 10765
110 10766
111 10767
112 10768
113 10769
114 10770
115 10771
116 10772
117 10773
118 10774
119 10775
120 10776
121 10777
122 10778
123 10779
124 10780
125 10781
126 10782
127 10783
128 10784
129 10785
130 10786
131 10787
132 10788
133 10789
134 10790
135 10791
136 10792
137 10793
138 10794
139 10795
140 10796
141 10797
142 10798
143 10799
144 10800
145 10801
146 10802
147 10803
148 10804
149 10805
150 10806
151 10807
152 10808
153 10809
154 10810
155 10811
156 10812
157 10813
158 10814
159 10815
160 10816
161 10817
162 10818
163 10819
164 10820
165 10821
166 10822
167 10823
168 10824
169 10825
170 10826
171 10827
172 10828
173 10829
174 10830
175 10831
176 10832
177 10833
178 10834
179 10835
180 10836
181 10837
182 10838
183 10839
184 10840
185 10841
186 10842
187 10843
188 10844
189 10845
190 10846
191 10847
192 10848
193 10849
194 10850
195 10851
196 10852
197 10853
198 10854
199 10855
200 10856
201 10857
202 10858
203 10859
204 10860
205 10861
206 10862
207 10863
208 10864
209 10865
210 10866
211 10867
212 10868
213 10869
214 10870
215 10871
216 10872
217 10873
218 10874
219 10875
220 10876
221 10877
222 10878
223 10879
224 10880
225 10881
226 10882
227 10883
228 10884
229 10885
230 10886
231 10887
232 10888
233 10889
234 10890
235 10891
236 10892
237 10893
238 10894
239 10895
240 10896
241 10897
242 10898
243 10899
244 10900
245 10901
246 10902
247 10903
248 10904
249 10905
250 10906
251 10907
252 10908
253 10909
254 10910
255 10911
256 10912
257 10913
258 10914
259 10915
260 10916
261 10917
262 10918
263 10919
264 10920
265 10921
266 10922
267 10923
268 10924
269 10925
270 10926
271 10927
272 10928
273 10929
274 10930
275 10931
276 10932
277 10933
278 10934
279 10935
280 10936
281 10937
282 10938
283 10939
284 10940
285 10941
286 10942
287 10943
