0 9792
1 9793
2 9794
3 9795
4 9796
5 9797
6 9798
7 9799
8 9800
9 9801
10 9802
11 9803
12 9804
13 9805
14 9806
15 9807
16 9808
17 9809
18 9810
19 9811
20 9812
21 9813
22 9814
23 9815
24 9816
25 9817
26 9818
27 9819
28 9820
29 9821
30 9822
31 9823
32 9824
33 9825
34 9826
35 9827
36 9828
37 9829
38 9830
39 9831
40 9832
41 9833
42 9834
43 9835
44 9836
45 9837
46 9838
47 9839
48 9840
49 9841
50 9842
51 9843
52 9844
53 9845
54 9846
55 9847
56 9848
57 9849
58 9850
59 9851
60 9852
61 9853
62 9854
63 9855
64 9856
65 9857
66 9858
67 9859
68 9860
69 9861
70 9862
71 9863
72 9864
73 9865
74 9866
75 9867
76 9868
77 9869
78 9870
79 9871
80 9872
81 9873
82 9874
83 9875
84 9876
85 9877
86 9878
87 9879
88 9880
89 9881
90 9882
91 9883
92 9884
93 9885
94 9886
95 9887
96 9888
97 9889
98 9890
99 9891
100 9892
101 9893
102 9894
103 9895
104 9896
105 9897
106 9898
107 9899
108 9900
109 9901
110 9902
111 9903
112 9904
113 9905
114 9906
115 9907
116 9908
117 9909
118 9910
119 9911
120 9912
121 9913
122 9914
123 9915
124 9916
125 9917
126 9918
127 9919
128 9920
129 9921
130 9922
131 9923
132 9924
133 9925
134 9926
135 9927
136 9928
137 9929
138 9930
139 9931
140 9932
141 9933
142 9934
143 9935
144 9936
145 9937
146 9938
147 9939
148 9940
149 9941
150 9942
151 9943
152 9944
153 9945
154 9946
155 9947
156 9948
157 9949
158 9950
159 9951
160 9952
161 9953
162 9954
163 9955
164 9956
165 9957
166 9958
167 9959
168 9960
169 9961
170 9962
171 9963
172 9964
173 9965
174 9966
175 9967
176 9968
177 9969
178 9970
179 9971
180 9972
181 9973
182 9974
183 9975
184 9976
185 9977
186 9978
187 9979
188 9980
189 9981
190 9982
191 9983
192 9984
193 9985
194 9986
195 9987
196 9988
197 9989
198 9990
199 9991
200 9992
201 9993
202 9994
203 9995
204 9996
205 9997
206 9998
207 9999
208 10000
209 10001
210 10002
211 10003
212 10004
213 10005
214 10006
215 10007
216 10008
217 10009
218 10010
219 10011
220 10012
221 10013
222 10014
223 10015
224 10016
225 10017
226 10018
227 10019
228 10020
229 10021
230 10022
231 10023
232 10024
233 10025
234 10026
235 10027
236 10028
237 10029
238 10030
239 10031
240 10032
241 10033
242 10034
243 10035
244 10036
245 10037
246 10038
247 10039
248 10040
249 10041
250 10042
251 10043
252 10044
253 10045
254 10046
255 10047
256 10048
257 10049
258 10050
259 10051
260 10052
261 10053
262 10054
263 10055
264 10056
265 10057
266 10058
267 10059
268 10060
269 10061
270 10062
271 10063
272 10064
273 10065
274 10066
275 10067
276 10068
277 10069
278 10070
279 10071
280 10072
281 10073
282 10074
283 10075
284 10076
285 10077
286 10078
287 10079
