0 10944
1 10945
2 10946
3 10947
4 10948
5 10949
6 10950
7 10951
8 10952
9 10953
10 10954
11 10955
12 10956
13 10957
14 10958
15 10959
16 10960
17 10961
18 10962
19 10963
20 10964
21 10965
22 10966
23 10967
24 10968
25 10969
26 10970
27 10971
28 10972
29 10973
30 10974
31 10975
32 10976
33 10977
34 10978
35 10979
36 10980
37 10981
38 10982
39 10983
40 10984
41 10985
42 10986
43 10987
44 10988
45 10989
46 10990
47 10991
48 10992
49 10993
50 10994
51 10995
52 10996
53 10997
54 10998
55 10999
56 11000
57 11001
58 11002
59 11003
60 11004
61 11005
62 11006
63 11007
64 11008
65 11009
66 11010
67 11011
68 11012
69 11013
70 11014
71 11015
72 11016
73 11017
74 11018
75 11019
76 11020
77 11021
78 11022
79 11023
80 11024
81 11025
82 11026
83 11027
84 11028
85 11029
86 11030
87 11031
88 11032
89 11033
90 11034
91 11035
92 11036
93 11037
94 11038
95 11039
96 11040
97 11041
98 11042
99 11043
100 11044
101 11045
102 11046
103 11047
104 11048
105 11049
106 11050
107 11051
108 11052
109 11053
110 11054
111 11055
112 11056
113 11057
114 11058
115 11059
116 11060
117 11061
118 11062
119 11063
120 11064
121 11065
122 11066
123 11067
124 11068
125 11069
126 11070
127 11071
128 11072
129 11073
130 11074
131 11075
132 11076
133 11077
134 11078
135 11079
136 11080
137 11081
138 11082
139 11083
140 11084
141 11085
142 11086
143 11087
144 11088
145 11089
146 11090
147 11091
148 11092
149 11093
150 11094
151 11095
152 11096
153 11097
154 11098
155 11099
156 11100
157 11101
158 11102
159 11103
160 11104
161 11105
162 11106
163 11107
164 11108
165 11109
166 11110
167 11111
168 11112
169 11113
170 11114
171 11115
172 11116
173 11117
174 11118
175 11119
176 11120
177 11121
178 11122
179 11123
180 11124
181 11125
182 11126
183 11127
184 11128
185 11129
186 11130
187 11131
188 11132
189 11133
190 11134
191 11135
192 11136
193 11137
194 11138
195 11139
196 11140
197 11141
198 11142
199 11143
200 11144
201 11145
202 11146
203 11147
204 11148
205 11149
206 11150
207 11151
208 11152
209 11153
210 11154
211 11155
212 11156
213 11157
214 11158
215 11159
216 11160
217 11161
218 11162
219 11163
220 11164
221 11165
222 11166
223 11167
224 11168
225 11169
226 11170
227 11171
228 11172
229 11173
230 11174
231 11175
232 11176
233 11177
234 11178
235 11179
236 11180
237 11181
238 11182
239 11183
240 11184
241 11185
242 11186
243 11187
244 11188
245 11189
246 11190
247 11191
248 11192
249 11193
250 11194
251 11195
252 11196
253 11197
254 11198
255 11199
256 11200
257 11201
258 11202
259 11203
260 11204
261 11205
262 11206
263 11207
264 11208
265 11209
266 11210
267 11211
268 11212
269 11213
270 11214
271 11215
272 11216
273 11217
274 11218
275 11219
276 11220
277 11221
278 11222
279 11223
280 11224
281 11225
282 11226
283 11227
284 11228
285 11229
286 11230
287 11231
