0 10368
1 10369
2 10370
3 10371
4 10372
5 10373
6 10374
7 10375
8 10376
9 10377
10 10378
11 10379
12 10380
13 10381
14 10382
15 10383
16 10384
17 10385
18 10386
19 10387
20 10388
21 10389
22 10390
23 10391
24 10392
25 10393
26 10394
27 10395
28 10396
29 10397
30 10398
31 10399
32 10400
33 10401
34 10402
35 10403
36 10404
37 10405
38 10406
39 10407
40 10408
41 10409
42 10410
43 10411
44 10412
45 10413
46 10414
47 10415
48 10416
49 10417
50 10418
51 10419
52 10420
53 10421
54 10422
55 10423
56 10424
57 10425
58 10426
59 10427
60 10428
61 10429
62 10430
63 10431
64 10432
65 10433
66 10434
67 10435
68 10436
69 10437
70 10438
71 10439
72 10440
73 10441
74 10442
75 10443
76 10444
77 10445
78 10446
79 10447
80 10448
81 10449
82 10450
83 10451
84 10452
85 10453
86 10454
87 10455
88 10456
89 10457
90 10458
91 10459
92 10460
93 10461
94 10462
95 10463
96 10464
97 10465
98 10466
99 10467
100 10468
101 10469
102 10470
103 10471
104 10472
105 10473
106 10474
107 10475
108 10476
109 10477
110 10478
111 10479
112 10480
113 10481
114 10482
115 10483
116 10484
117 10485
118 10486
119 10487
120 10488
121 10489
122 10490
123 10491
124 10492
125 10493
126 10494
127 10495
128 10496
129 10497
130 10498
131 10499
132 10500
133 10501
134 10502
135 10503
136 10504
137 10505
138 10506
139 10507
140 10508
141 10509
142 10510
143 10511
144 10512
145 10513
146 10514
147 10515
148 10516
149 10517
150 10518
151 10519
152 10520
153 10521
154 10522
155 10523
156 10524
157 10525
158 10526
159 10527
160 10528
161 10529
162 10530
163 10531
164 10532
165 10533
166 10534
167 10535
168 10536
169 10537
170 10538
171 10539
172 10540
173 10541
174 10542
175 10543
176 10544
177 10545
178 10546
179 10547
180 10548
181 10549
182 10550
183 10551
184 10552
185 10553
186 10554
187 10555
188 10556
189 10557
190 10558
191 10559
192 10560
193 10561
194 10562
195 10563
196 10564
197 10565
198 10566
199 10567
200 10568
201 10569
202 10570
203 10571
204 10572
205 10573
206 10574
207 10575
208 10576
209 10577
210 10578
211 10579
212 10580
213 10581
214 10582
215 10583
216 10584
217 10585
218 10586
219 10587
220 10588
221 10589
222 10590
223 10591
224 10592
225 10593
226 10594
227 10595
228 10596
229 10597
230 10598
231 10599
232 10600
233 10601
234 10602
235 10603
236 10604
237 10605
238 10606
239 10607
240 10608
241 10609
242 10610
243 10611
244 10612
245 10613
246 10614
247 10615
248 10616
249 10617
250 10618
251 10619
252 10620
253 10621
254 10622
255 10623
256 10624
257 10625
258 10626
259 10627
260 10628
261 10629
262 10630
263 10631
264 10632
265 10633
266 10634
267 10635
268 10636
269 10637
270 10638
271 10639
272 10640
273 10641
274 10642
275 10643
276 10644
277 10645
278 10646
279 10647
280 10648
281 10649
282 10650
283 10651
284 10652
285 10653
286 10654
287 10655
