0 13536
1 13537
2 13538
3 13539
4 13540
5 13541
6 13542
7 13543
8 13544
9 13545
10 13546
11 13547
12 13548
13 13549
14 13550
15 13551
16 13552
17 13553
18 13554
19 13555
20 13556
21 13557
22 13558
23 13559
24 13560
25 13561
26 13562
27 13563
28 13564
29 13565
30 13566
31 13567
32 13568
33 13569
34 13570
35 13571
36 13572
37 13573
38 13574
39 13575
40 13576
41 13577
42 13578
43 13579
44 13580
45 13581
46 13582
47 13583
48 13584
49 13585
50 13586
51 13587
52 13588
53 13589
54 13590
55 13591
56 13592
57 13593
58 13594
59 13595
60 13596
61 13597
62 13598
63 13599
64 13600
65 13601
66 13602
67 13603
68 13604
69 13605
70 13606
71 13607
72 13608
73 13609
74 13610
75 13611
76 13612
77 13613
78 13614
79 13615
80 13616
81 13617
82 13618
83 13619
84 13620
85 13621
86 13622
87 13623
88 13624
89 13625
90 13626
91 13627
92 13628
93 13629
94 13630
95 13631
96 13632
97 13633
98 13634
99 13635
100 13636
101 13637
102 13638
103 13639
104 13640
105 13641
106 13642
107 13643
108 13644
109 13645
110 13646
111 13647
112 13648
113 13649
114 13650
115 13651
116 13652
117 13653
118 13654
119 13655
120 13656
121 13657
122 13658
123 13659
124 13660
125 13661
126 13662
127 13663
128 13664
129 13665
130 13666
131 13667
132 13668
133 13669
134 13670
135 13671
136 13672
137 13673
138 13674
139 13675
140 13676
141 13677
142 13678
143 13679
144 13680
145 13681
146 13682
147 13683
148 13684
149 13685
150 13686
151 13687
152 13688
153 13689
154 13690
155 13691
156 13692
157 13693
158 13694
159 13695
160 13696
161 13697
162 13698
163 13699
164 13700
165 13701
166 13702
167 13703
168 13704
169 13705
170 13706
171 13707
172 13708
173 13709
174 13710
175 13711
176 13712
177 13713
178 13714
179 13715
180 13716
181 13717
182 13718
183 13719
184 13720
185 13721
186 13722
187 13723
188 13724
189 13725
190 13726
191 13727
192 13728
193 13729
194 13730
195 13731
196 13732
197 13733
198 13734
199 13735
200 13736
201 13737
202 13738
203 13739
204 13740
205 13741
206 13742
207 13743
208 13744
209 13745
210 13746
211 13747
212 13748
213 13749
214 13750
215 13751
216 13752
217 13753
218 13754
219 13755
220 13756
221 13757
222 13758
223 13759
224 13760
225 13761
226 13762
227 13763
228 13764
229 13765
230 13766
231 13767
232 13768
233 13769
234 13770
235 13771
236 13772
237 13773
238 13774
239 13775
240 13776
241 13777
242 13778
243 13779
244 13780
245 13781
246 13782
247 13783
248 13784
249 13785
250 13786
251 13787
252 13788
253 13789
254 13790
255 13791
256 13792
257 13793
258 13794
259 13795
260 13796
261 13797
262 13798
263 13799
264 13800
265 13801
266 13802
267 13803
268 13804
269 13805
270 13806
271 13807
272 13808
273 13809
274 13810
275 13811
276 13812
277 13813
278 13814
279 13815
280 13816
281 13817
282 13818
283 13819
284 13820
285 13821
286 13822
287 13823
