0 12960
1 12961
2 12962
3 12963
4 12964
5 12965
6 12966
7 12967
8 12968
9 12969
10 12970
11 12971
12 12972
13 12973
14 12974
15 12975
16 12976
17 12977
18 12978
19 12979
20 12980
21 12981
22 12982
23 12983
24 12984
25 12985
26 12986
27 12987
28 12988
29 12989
30 12990
31 12991
32 12992
33 12993
34 12994
35 12995
36 12996
37 12997
38 12998
39 12999
40 13000
41 13001
42 13002
43 13003
44 13004
45 13005
46 13006
47 13007
48 13008
49 13009
50 13010
51 13011
52 13012
53 13013
54 13014
55 13015
56 13016
57 13017
58 13018
59 13019
60 13020
61 13021
62 13022
63 13023
64 13024
65 13025
66 13026
67 13027
68 13028
69 13029
70 13030
71 13031
72 13032
73 13033
74 13034
75 13035
76 13036
77 13037
78 13038
79 13039
80 13040
81 13041
82 13042
83 13043
84 13044
85 13045
86 13046
87 13047
88 13048
89 13049
90 13050
91 13051
92 13052
93 13053
94 13054
95 13055
96 13056
97 13057
98 13058
99 13059
100 13060
101 13061
102 13062
103 13063
104 13064
105 13065
106 13066
107 13067
108 13068
109 13069
110 13070
111 13071
112 13072
113 13073
114 13074
115 13075
116 13076
117 13077
118 13078
119 13079
120 13080
121 13081
122 13082
123 13083
124 13084
125 13085
126 13086
127 13087
128 13088
129 13089
130 13090
131 13091
132 13092
133 13093
134 13094
135 13095
136 13096
137 13097
138 13098
139 13099
140 13100
141 13101
142 13102
143 13103
144 13104
145 13105
146 13106
147 13107
148 13108
149 13109
150 13110
151 13111
152 13112
153 13113
154 13114
155 13115
156 13116
157 13117
158 13118
159 13119
160 13120
161 13121
162 13122
163 13123
164 13124
165 13125
166 13126
167 13127
168 13128
169 13129
170 13130
171 13131
172 13132
173 13133
174 13134
175 13135
176 13136
177 13137
178 13138
179 13139
180 13140
181 13141
182 13142
183 13143
184 13144
185 13145
186 13146
187 13147
188 13148
189 13149
190 13150
191 13151
192 13152
193 13153
194 13154
195 13155
196 13156
197 13157
198 13158
199 13159
200 13160
201 13161
202 13162
203 13163
204 13164
205 13165
206 13166
207 13167
208 13168
209 13169
210 13170
211 13171
212 13172
213 13173
214 13174
215 13175
216 13176
217 13177
218 13178
219 13179
220 13180
221 13181
222 13182
223 13183
224 13184
225 13185
226 13186
227 13187
228 13188
229 13189
230 13190
231 13191
232 13192
233 13193
234 13194
235 13195
236 13196
237 13197
238 13198
239 13199
240 13200
241 13201
242 13202
243 13203
244 13204
245 13205
246 13206
247 13207
248 13208
249 13209
250 13210
251 13211
252 13212
253 13213
254 13214
255 13215
256 13216
257 13217
258 13218
259 13219
260 13220
261 13221
262 13222
263 13223
264 13224
265 13225
266 13226
267 13227
268 13228
269 13229
270 13230
271 13231
272 13232
273 13233
274 13234
275 13235
276 13236
277 13237
278 13238
279 13239
280 13240
281 13241
282 13242
283 13243
284 13244
285 13245
286 13246
287 13247
