0 14688
1 14689
2 14690
3 14691
4 14692
5 14693
6 14694
7 14695
8 14696
9 14697
10 14698
11 14699
12 14700
13 14701
14 14702
15 14703
16 14704
17 14705
18 14706
19 14707
20 14708
21 14709
22 14710
23 14711
24 14712
25 14713
26 14714
27 14715
28 14716
29 14717
30 14718
31 14719
32 14720
33 14721
34 14722
35 14723
36 14724
37 14725
38 14726
39 14727
40 14728
41 14729
42 14730
43 14731
44 14732
45 14733
46 14734
47 14735
48 14736
49 14737
50 14738
51 14739
52 14740
53 14741
54 14742
55 14743
56 14744
57 14745
58 14746
59 14747
60 14748
61 14749
62 14750
63 14751
64 14752
65 14753
66 14754
67 14755
68 14756
69 14757
70 14758
71 14759
72 14760
73 14761
74 14762
75 14763
76 14764
77 14765
78 14766
79 14767
80 14768
81 14769
82 14770
83 14771
84 14772
85 14773
86 14774
87 14775
88 14776
89 14777
90 14778
91 14779
92 14780
93 14781
94 14782
95 14783
96 14784
97 14785
98 14786
99 14787
100 14788
101 14789
102 14790
103 14791
104 14792
105 14793
106 14794
107 14795
108 14796
109 14797
110 14798
111 14799
112 14800
113 14801
114 14802
115 14803
116 14804
117 14805
118 14806
119 14807
120 14808
121 14809
122 14810
123 14811
124 14812
125 14813
126 14814
127 14815
128 14816
129 14817
130 14818
131 14819
132 14820
133 14821
134 14822
135 14823
136 14824
137 14825
138 14826
139 14827
140 14828
141 14829
142 14830
143 14831
144 14832
145 14833
146 14834
147 14835
148 14836
149 14837
150 14838
151 14839
152 14840
153 14841
154 14842
155 14843
156 14844
157 14845
158 14846
159 14847
160 14848
161 14849
162 14850
163 14851
164 14852
165 14853
166 14854
167 14855
168 14856
169 14857
170 14858
171 14859
172 14860
173 14861
174 14862
175 14863
176 14864
177 14865
178 14866
179 14867
180 14868
181 14869
182 14870
183 14871
184 14872
185 14873
186 14874
187 14875
188 14876
189 14877
190 14878
191 14879
192 14880
193 14881
194 14882
195 14883
196 14884
197 14885
198 14886
199 14887
200 14888
201 14889
202 14890
203 14891
204 14892
205 14893
206 14894
207 14895
208 14896
209 14897
210 14898
211 14899
212 14900
213 14901
214 14902
215 14903
216 14904
217 14905
218 14906
219 14907
220 14908
221 14909
222 14910
223 14911
224 14912
225 14913
226 14914
227 14915
228 14916
229 14917
230 14918
231 14919
232 14920
233 14921
234 14922
235 14923
236 14924
237 14925
238 14926
239 14927
240 14928
241 14929
242 14930
243 14931
244 14932
245 14933
246 14934
247 14935
248 14936
249 14937
250 14938
251 14939
252 14940
253 14941
254 14942
255 14943
256 14944
257 14945
258 14946
259 14947
260 14948
261 14949
262 14950
263 14951
264 14952
265 14953
266 14954
267 14955
268 14956
269 14957
270 14958
271 14959
272 14960
273 14961
274 14962
275 14963
276 14964
277 14965
278 14966
279 14967
280 14968
281 14969
282 14970
283 14971
284 14972
285 14973
286 14974
287 14975
