431.918
956.979
126.631
3210.182
107.082
299.680
149.139
280.016
32.193
707.868
241.058
347.815
65.556
576.694
705.388
10.145
18.224
34.421
46.967
7.407
6.194
24.821
94.244
2.477
249.121
200.121516
117.080
120.808
168.424
177.718
197.148
3208.532861
126.354
41.065
166.560
78.964398
166.158
91.406979
335.446
194.404
87.247
1190.936
49.231
56.150
63.598
102.680
167.643
4.359
192.245
72.287
38.237
605.987
143.705
291.280
29.952
142.991
137.563
111.007
89.076
95.064
57.734
83.574
44.291
873.926075
34.087
625.399
866.823
51.644
13.027
14.884
106.907822
132.185
72.928
136.808
36.561
166.878
492.695
64.528
61.516
314.855935
21.570
57.103
143.460
886.701
288.039
288.665
85.979
22.289
33.539
57.453
131.054
182.588
372.597
72.841
678.064
15.293
323.533
49.989
174.057
50.563
